0.000000000000000000e+00
0.000000000000000000e+00
0.000000000000000000e+00
0.000000000000000000e+00
0.000000000000000000e+00
0.000000000000000000e+00
0.000000000000000000e+00
0.000000000000000000e+00
0.000000000000000000e+00
0.000000000000000000e+00
0.000000000000000000e+00
0.000000000000000000e+00
0.000000000000000000e+00
0.000000000000000000e+00
0.000000000000000000e+00
0.000000000000000000e+00
0.000000000000000000e+00
0.000000000000000000e+00
0.000000000000000000e+00
0.000000000000000000e+00
0.000000000000000000e+00
0.000000000000000000e+00
0.000000000000000000e+00
0.000000000000000000e+00
0.000000000000000000e+00
0.000000000000000000e+00
0.000000000000000000e+00
0.000000000000000000e+00
0.000000000000000000e+00
8.400000000000000000e+01
6.700000000000000000e+02
7.250000000000000000e+02
6.510000000000000000e+02
7.770000000000000000e+02
7.670000000000000000e+02
7.480000000000000000e+02
7.040000000000000000e+02
7.610000000000000000e+02
7.830000000000000000e+02
7.620000000000000000e+02
7.650000000000000000e+02
7.580000000000000000e+02
7.490000000000000000e+02
7.060000000000000000e+02
7.350000000000000000e+02
7.200000000000000000e+02
7.290000000000000000e+02
7.280000000000000000e+02
7.330000000000000000e+02
7.250000000000000000e+02
7.330000000000000000e+02
7.300000000000000000e+02
7.290000000000000000e+02
7.330000000000000000e+02
7.340000000000000000e+02
7.310000000000000000e+02
7.370000000000000000e+02
7.360000000000000000e+02
7.290000000000000000e+02
7.380000000000000000e+02
7.380000000000000000e+02
7.310000000000000000e+02
7.390000000000000000e+02
7.360000000000000000e+02
7.360000000000000000e+02
7.380000000000000000e+02
7.400000000000000000e+02
7.300000000000000000e+02
7.420000000000000000e+02
7.390000000000000000e+02
7.360000000000000000e+02
7.410000000000000000e+02
7.360000000000000000e+02
7.380000000000000000e+02
7.370000000000000000e+02
7.430000000000000000e+02
7.310000000000000000e+02
7.500000000000000000e+02
7.330000000000000000e+02
7.410000000000000000e+02
7.430000000000000000e+02
7.390000000000000000e+02
7.360000000000000000e+02
7.450000000000000000e+02
7.450000000000000000e+02
7.330000000000000000e+02
7.500000000000000000e+02
7.290000000000000000e+02
7.460000000000000000e+02
7.400000000000000000e+02
7.450000000000000000e+02
7.370000000000000000e+02
7.430000000000000000e+02
7.390000000000000000e+02
7.470000000000000000e+02
7.430000000000000000e+02
7.480000000000000000e+02
7.410000000000000000e+02
7.470000000000000000e+02
7.410000000000000000e+02
7.460000000000000000e+02
7.470000000000000000e+02
7.380000000000000000e+02
7.470000000000000000e+02
7.410000000000000000e+02
7.470000000000000000e+02
7.360000000000000000e+02
7.530000000000000000e+02
7.400000000000000000e+02
7.480000000000000000e+02
7.450000000000000000e+02
7.480000000000000000e+02
7.450000000000000000e+02
7.480000000000000000e+02
7.390000000000000000e+02
7.580000000000000000e+02
7.150000000000000000e+02
7.560000000000000000e+02
6.470000000000000000e+02
0.000000000000000000e+00
8.000000000000000000e+00
0.000000000000000000e+00
0.000000000000000000e+00
0.000000000000000000e+00
0.000000000000000000e+00
0.000000000000000000e+00
0.000000000000000000e+00
0.000000000000000000e+00
0.000000000000000000e+00
0.000000000000000000e+00
0.000000000000000000e+00
0.000000000000000000e+00
0.000000000000000000e+00
0.000000000000000000e+00
0.000000000000000000e+00
0.000000000000000000e+00
0.000000000000000000e+00
0.000000000000000000e+00
0.000000000000000000e+00
0.000000000000000000e+00
0.000000000000000000e+00
0.000000000000000000e+00
0.000000000000000000e+00
0.000000000000000000e+00
0.000000000000000000e+00
0.000000000000000000e+00
0.000000000000000000e+00
0.000000000000000000e+00
0.000000000000000000e+00
0.000000000000000000e+00
0.000000000000000000e+00
0.000000000000000000e+00
0.000000000000000000e+00
0.000000000000000000e+00
0.000000000000000000e+00
0.000000000000000000e+00
0.000000000000000000e+00
0.000000000000000000e+00
0.000000000000000000e+00
0.000000000000000000e+00
0.000000000000000000e+00
0.000000000000000000e+00
0.000000000000000000e+00
0.000000000000000000e+00
0.000000000000000000e+00
0.000000000000000000e+00
0.000000000000000000e+00
0.000000000000000000e+00
0.000000000000000000e+00
0.000000000000000000e+00
0.000000000000000000e+00
0.000000000000000000e+00
0.000000000000000000e+00
0.000000000000000000e+00
0.000000000000000000e+00
0.000000000000000000e+00
0.000000000000000000e+00
0.000000000000000000e+00
0.000000000000000000e+00
0.000000000000000000e+00
0.000000000000000000e+00
0.000000000000000000e+00
0.000000000000000000e+00
0.000000000000000000e+00
3.600000000000000000e+01
1.490000000000000000e+02
4.430000000000000000e+02
5.310000000000000000e+02
5.890000000000000000e+02
6.160000000000000000e+02
6.420000000000000000e+02
6.610000000000000000e+02
6.520000000000000000e+02
6.740000000000000000e+02
6.530000000000000000e+02
7.190000000000000000e+02
6.530000000000000000e+02
6.660000000000000000e+02
6.990000000000000000e+02
7.010000000000000000e+02
6.620000000000000000e+02
6.980000000000000000e+02
7.010000000000000000e+02
6.740000000000000000e+02
6.880000000000000000e+02
7.230000000000000000e+02
6.710000000000000000e+02
6.900000000000000000e+02
7.240000000000000000e+02
6.870000000000000000e+02
6.830000000000000000e+02
7.060000000000000000e+02
7.120000000000000000e+02
6.640000000000000000e+02
7.200000000000000000e+02
7.050000000000000000e+02
6.920000000000000000e+02
6.980000000000000000e+02
7.100000000000000000e+02
6.950000000000000000e+02
6.990000000000000000e+02
7.130000000000000000e+02
6.940000000000000000e+02
6.980000000000000000e+02
7.160000000000000000e+02
6.980000000000000000e+02
6.980000000000000000e+02
7.190000000000000000e+02
7.060000000000000000e+02
7.070000000000000000e+02
7.080000000000000000e+02
7.100000000000000000e+02
7.050000000000000000e+02
7.180000000000000000e+02
7.070000000000000000e+02
7.030000000000000000e+02
7.110000000000000000e+02
7.200000000000000000e+02
6.970000000000000000e+02
7.000000000000000000e+02
7.220000000000000000e+02
7.010000000000000000e+02
7.070000000000000000e+02
7.240000000000000000e+02
6.960000000000000000e+02
7.060000000000000000e+02
7.310000000000000000e+02
7.030000000000000000e+02
6.970000000000000000e+02
7.260000000000000000e+02
7.140000000000000000e+02
7.010000000000000000e+02
7.250000000000000000e+02
7.070000000000000000e+02
7.100000000000000000e+02
7.240000000000000000e+02
6.670000000000000000e+02
7.030000000000000000e+02
6.490000000000000000e+02
6.650000000000000000e+02
6.740000000000000000e+02
6.060000000000000000e+02
1.000000000000000000e+01
0.000000000000000000e+00
0.000000000000000000e+00
0.000000000000000000e+00
0.000000000000000000e+00
0.000000000000000000e+00
0.000000000000000000e+00
0.000000000000000000e+00
0.000000000000000000e+00
0.000000000000000000e+00
0.000000000000000000e+00
0.000000000000000000e+00
0.000000000000000000e+00
0.000000000000000000e+00
0.000000000000000000e+00
0.000000000000000000e+00
0.000000000000000000e+00
0.000000000000000000e+00
0.000000000000000000e+00
0.000000000000000000e+00
0.000000000000000000e+00
0.000000000000000000e+00
0.000000000000000000e+00
0.000000000000000000e+00
0.000000000000000000e+00
0.000000000000000000e+00
0.000000000000000000e+00
0.000000000000000000e+00
0.000000000000000000e+00
0.000000000000000000e+00
0.000000000000000000e+00
0.000000000000000000e+00
0.000000000000000000e+00
0.000000000000000000e+00
0.000000000000000000e+00
0.000000000000000000e+00
0.000000000000000000e+00
0.000000000000000000e+00
