0.000000000000000000e+00
0.000000000000000000e+00
0.000000000000000000e+00
0.000000000000000000e+00
0.000000000000000000e+00
0.000000000000000000e+00
0.000000000000000000e+00
0.000000000000000000e+00
0.000000000000000000e+00
0.000000000000000000e+00
0.000000000000000000e+00
0.000000000000000000e+00
0.000000000000000000e+00
0.000000000000000000e+00
0.000000000000000000e+00
0.000000000000000000e+00
0.000000000000000000e+00
0.000000000000000000e+00
0.000000000000000000e+00
0.000000000000000000e+00
0.000000000000000000e+00
0.000000000000000000e+00
0.000000000000000000e+00
0.000000000000000000e+00
0.000000000000000000e+00
0.000000000000000000e+00
0.000000000000000000e+00
0.000000000000000000e+00
0.000000000000000000e+00
0.000000000000000000e+00
0.000000000000000000e+00
0.000000000000000000e+00
0.000000000000000000e+00
0.000000000000000000e+00
0.000000000000000000e+00
0.000000000000000000e+00
0.000000000000000000e+00
0.000000000000000000e+00
0.000000000000000000e+00
0.000000000000000000e+00
0.000000000000000000e+00
6.200000000000000000e+02
6.590000000000000000e+02
7.580000000000000000e+02
7.730000000000000000e+02
7.690000000000000000e+02
6.810000000000000000e+02
7.330000000000000000e+02
7.700000000000000000e+02
7.200000000000000000e+02
7.640000000000000000e+02
7.440000000000000000e+02
7.550000000000000000e+02
7.320000000000000000e+02
7.670000000000000000e+02
7.350000000000000000e+02
7.560000000000000000e+02
7.580000000000000000e+02
7.430000000000000000e+02
7.550000000000000000e+02
7.610000000000000000e+02
7.460000000000000000e+02
7.530000000000000000e+02
7.630000000000000000e+02
7.510000000000000000e+02
7.630000000000000000e+02
7.600000000000000000e+02
7.580000000000000000e+02
7.650000000000000000e+02
7.510000000000000000e+02
7.660000000000000000e+02
7.630000000000000000e+02
7.600000000000000000e+02
7.590000000000000000e+02
7.610000000000000000e+02
7.650000000000000000e+02
7.640000000000000000e+02
7.640000000000000000e+02
7.470000000000000000e+02
7.670000000000000000e+02
7.530000000000000000e+02
7.670000000000000000e+02
7.640000000000000000e+02
7.560000000000000000e+02
7.640000000000000000e+02
7.530000000000000000e+02
7.580000000000000000e+02
7.660000000000000000e+02
7.620000000000000000e+02
7.570000000000000000e+02
7.650000000000000000e+02
7.680000000000000000e+02
7.460000000000000000e+02
7.710000000000000000e+02
7.680000000000000000e+02
7.420000000000000000e+02
7.700000000000000000e+02
7.570000000000000000e+02
7.640000000000000000e+02
7.640000000000000000e+02
7.660000000000000000e+02
7.640000000000000000e+02
7.660000000000000000e+02
7.540000000000000000e+02
7.570000000000000000e+02
7.700000000000000000e+02
7.600000000000000000e+02
7.590000000000000000e+02
7.700000000000000000e+02
7.640000000000000000e+02
7.520000000000000000e+02
7.710000000000000000e+02
7.560000000000000000e+02
7.650000000000000000e+02
7.650000000000000000e+02
7.470000000000000000e+02
7.690000000000000000e+02
7.670000000000000000e+02
7.630000000000000000e+02
7.660000000000000000e+02
7.690000000000000000e+02
7.500000000000000000e+02
7.680000000000000000e+02
7.680000000000000000e+02
7.590000000000000000e+02
7.660000000000000000e+02
7.700000000000000000e+02
7.580000000000000000e+02
7.690000000000000000e+02
7.720000000000000000e+02
7.670000000000000000e+02
7.660000000000000000e+02
6.980000000000000000e+02
7.180000000000000000e+02
5.860000000000000000e+02
0.000000000000000000e+00
0.000000000000000000e+00
0.000000000000000000e+00
0.000000000000000000e+00
0.000000000000000000e+00
0.000000000000000000e+00
0.000000000000000000e+00
0.000000000000000000e+00
0.000000000000000000e+00
0.000000000000000000e+00
0.000000000000000000e+00
0.000000000000000000e+00
0.000000000000000000e+00
0.000000000000000000e+00
0.000000000000000000e+00
0.000000000000000000e+00
0.000000000000000000e+00
0.000000000000000000e+00
0.000000000000000000e+00
0.000000000000000000e+00
0.000000000000000000e+00
0.000000000000000000e+00
0.000000000000000000e+00
0.000000000000000000e+00
0.000000000000000000e+00
0.000000000000000000e+00
0.000000000000000000e+00
0.000000000000000000e+00
0.000000000000000000e+00
0.000000000000000000e+00
0.000000000000000000e+00
0.000000000000000000e+00
0.000000000000000000e+00
0.000000000000000000e+00
0.000000000000000000e+00
0.000000000000000000e+00
0.000000000000000000e+00
0.000000000000000000e+00
0.000000000000000000e+00
0.000000000000000000e+00
0.000000000000000000e+00
0.000000000000000000e+00
0.000000000000000000e+00
0.000000000000000000e+00
0.000000000000000000e+00
0.000000000000000000e+00
0.000000000000000000e+00
0.000000000000000000e+00
3.870000000000000000e+02
2.600000000000000000e+01
6.360000000000000000e+02
7.450000000000000000e+02
7.210000000000000000e+02
6.970000000000000000e+02
7.010000000000000000e+02
6.630000000000000000e+02
6.400000000000000000e+02
6.390000000000000000e+02
6.400000000000000000e+02
6.370000000000000000e+02
6.270000000000000000e+02
6.470000000000000000e+02
6.320000000000000000e+02
6.410000000000000000e+02
6.370000000000000000e+02
6.380000000000000000e+02
6.370000000000000000e+02
6.460000000000000000e+02
6.380000000000000000e+02
6.390000000000000000e+02
6.450000000000000000e+02
6.460000000000000000e+02
6.330000000000000000e+02
6.440000000000000000e+02
6.460000000000000000e+02
6.390000000000000000e+02
6.430000000000000000e+02
6.490000000000000000e+02
6.450000000000000000e+02
6.440000000000000000e+02
6.460000000000000000e+02
6.440000000000000000e+02
6.450000000000000000e+02
6.460000000000000000e+02
6.470000000000000000e+02
6.430000000000000000e+02
6.460000000000000000e+02
6.470000000000000000e+02
6.490000000000000000e+02
6.470000000000000000e+02
6.480000000000000000e+02
6.490000000000000000e+02
6.480000000000000000e+02
6.470000000000000000e+02
6.490000000000000000e+02
6.480000000000000000e+02
6.490000000000000000e+02
6.480000000000000000e+02
6.490000000000000000e+02
6.490000000000000000e+02
6.490000000000000000e+02
6.480000000000000000e+02
6.490000000000000000e+02
6.480000000000000000e+02
6.470000000000000000e+02
6.500000000000000000e+02
6.490000000000000000e+02
6.490000000000000000e+02
6.510000000000000000e+02
6.500000000000000000e+02
6.400000000000000000e+02
6.540000000000000000e+02
6.300000000000000000e+02
6.400000000000000000e+02
5.750000000000000000e+02
4.110000000000000000e+02
4.200000000000000000e+01
0.000000000000000000e+00
1.570000000000000000e+02
0.000000000000000000e+00
0.000000000000000000e+00
0.000000000000000000e+00
0.000000000000000000e+00
2.000000000000000000e+00
0.000000000000000000e+00
0.000000000000000000e+00
0.000000000000000000e+00
0.000000000000000000e+00
0.000000000000000000e+00
1.000000000000000000e+00
0.000000000000000000e+00
0.000000000000000000e+00
2.000000000000000000e+00
0.000000000000000000e+00
2.000000000000000000e+00
0.000000000000000000e+00
0.000000000000000000e+00
0.000000000000000000e+00
0.000000000000000000e+00
0.000000000000000000e+00
2.000000000000000000e+00
1.000000000000000000e+00
0.000000000000000000e+00
0.000000000000000000e+00
1.000000000000000000e+00
0.000000000000000000e+00
0.000000000000000000e+00
1.000000000000000000e+00
1.000000000000000000e+00
1.000000000000000000e+00
2.000000000000000000e+00
1.000000000000000000e+00
0.000000000000000000e+00
2.000000000000000000e+00
2.000000000000000000e+00
0.000000000000000000e+00
1.000000000000000000e+00
0.000000000000000000e+00
1.000000000000000000e+00
2.000000000000000000e+00
0.000000000000000000e+00
0.000000000000000000e+00
3.000000000000000000e+00
1.000000000000000000e+00
2.000000000000000000e+00
