0.000000000000000000e+00
0.000000000000000000e+00
0.000000000000000000e+00
0.000000000000000000e+00
0.000000000000000000e+00
0.000000000000000000e+00
0.000000000000000000e+00
0.000000000000000000e+00
0.000000000000000000e+00
0.000000000000000000e+00
0.000000000000000000e+00
0.000000000000000000e+00
0.000000000000000000e+00
0.000000000000000000e+00
0.000000000000000000e+00
0.000000000000000000e+00
0.000000000000000000e+00
0.000000000000000000e+00
0.000000000000000000e+00
0.000000000000000000e+00
0.000000000000000000e+00
0.000000000000000000e+00
0.000000000000000000e+00
0.000000000000000000e+00
0.000000000000000000e+00
0.000000000000000000e+00
0.000000000000000000e+00
0.000000000000000000e+00
0.000000000000000000e+00
0.000000000000000000e+00
0.000000000000000000e+00
0.000000000000000000e+00
1.870000000000000000e+02
3.400000000000000000e+02
4.710000000000000000e+02
4.910000000000000000e+02
4.910000000000000000e+02
5.560000000000000000e+02
5.720000000000000000e+02
5.110000000000000000e+02
6.490000000000000000e+02
6.570000000000000000e+02
6.860000000000000000e+02
5.470000000000000000e+02
6.850000000000000000e+02
6.880000000000000000e+02
5.660000000000000000e+02
6.630000000000000000e+02
6.760000000000000000e+02
6.670000000000000000e+02
6.490000000000000000e+02
6.790000000000000000e+02
6.710000000000000000e+02
6.690000000000000000e+02
6.930000000000000000e+02
6.540000000000000000e+02
6.720000000000000000e+02
6.990000000000000000e+02
6.540000000000000000e+02
6.850000000000000000e+02
6.900000000000000000e+02
6.990000000000000000e+02
6.490000000000000000e+02
7.010000000000000000e+02
6.890000000000000000e+02
6.860000000000000000e+02
7.020000000000000000e+02
6.990000000000000000e+02
6.840000000000000000e+02
6.980000000000000000e+02
7.000000000000000000e+02
6.800000000000000000e+02
7.040000000000000000e+02
7.050000000000000000e+02
6.950000000000000000e+02
7.050000000000000000e+02
7.040000000000000000e+02
6.950000000000000000e+02
7.060000000000000000e+02
7.090000000000000000e+02
7.030000000000000000e+02
7.070000000000000000e+02
7.110000000000000000e+02
7.000000000000000000e+02
6.390000000000000000e+02
4.120000000000000000e+02
0.000000000000000000e+00
0.000000000000000000e+00
0.000000000000000000e+00
0.000000000000000000e+00
0.000000000000000000e+00
0.000000000000000000e+00
0.000000000000000000e+00
0.000000000000000000e+00
0.000000000000000000e+00
0.000000000000000000e+00
0.000000000000000000e+00
0.000000000000000000e+00
0.000000000000000000e+00
0.000000000000000000e+00
0.000000000000000000e+00
0.000000000000000000e+00
0.000000000000000000e+00
0.000000000000000000e+00
0.000000000000000000e+00
0.000000000000000000e+00
0.000000000000000000e+00
0.000000000000000000e+00
0.000000000000000000e+00
0.000000000000000000e+00
0.000000000000000000e+00
0.000000000000000000e+00
0.000000000000000000e+00
0.000000000000000000e+00
0.000000000000000000e+00
0.000000000000000000e+00
0.000000000000000000e+00
0.000000000000000000e+00
0.000000000000000000e+00
0.000000000000000000e+00
0.000000000000000000e+00
0.000000000000000000e+00
0.000000000000000000e+00
0.000000000000000000e+00
0.000000000000000000e+00
0.000000000000000000e+00
0.000000000000000000e+00
0.000000000000000000e+00
0.000000000000000000e+00
0.000000000000000000e+00
0.000000000000000000e+00
0.000000000000000000e+00
0.000000000000000000e+00
0.000000000000000000e+00
2.170000000000000000e+02
2.860000000000000000e+02
2.900000000000000000e+02
2.680000000000000000e+02
3.150000000000000000e+02
3.190000000000000000e+02
3.040000000000000000e+02
3.180000000000000000e+02
3.360000000000000000e+02
3.210000000000000000e+02
3.220000000000000000e+02
3.470000000000000000e+02
3.450000000000000000e+02
3.310000000000000000e+02
3.440000000000000000e+02
3.500000000000000000e+02
3.350000000000000000e+02
3.440000000000000000e+02
3.450000000000000000e+02
3.590000000000000000e+02
3.560000000000000000e+02
3.570000000000000000e+02
3.620000000000000000e+02
3.540000000000000000e+02
3.600000000000000000e+02
3.670000000000000000e+02
3.490000000000000000e+02
3.600000000000000000e+02
3.680000000000000000e+02
3.640000000000000000e+02
3.700000000000000000e+02
3.700000000000000000e+02
3.670000000000000000e+02
3.680000000000000000e+02
3.700000000000000000e+02
3.630000000000000000e+02
3.700000000000000000e+02
3.660000000000000000e+02
3.640000000000000000e+02
3.710000000000000000e+02
3.690000000000000000e+02
3.720000000000000000e+02
3.810000000000000000e+02
3.710000000000000000e+02
3.680000000000000000e+02
3.740000000000000000e+02
3.700000000000000000e+02
3.700000000000000000e+02
3.720000000000000000e+02
3.630000000000000000e+02
3.590000000000000000e+02
3.610000000000000000e+02
3.700000000000000000e+02
3.670000000000000000e+02
3.660000000000000000e+02
3.620000000000000000e+02
3.730000000000000000e+02
3.710000000000000000e+02
3.730000000000000000e+02
3.730000000000000000e+02
3.740000000000000000e+02
3.770000000000000000e+02
3.710000000000000000e+02
3.760000000000000000e+02
3.750000000000000000e+02
3.730000000000000000e+02
3.770000000000000000e+02
3.750000000000000000e+02
3.750000000000000000e+02
3.730000000000000000e+02
3.850000000000000000e+02
3.780000000000000000e+02
3.580000000000000000e+02
0.000000000000000000e+00
0.000000000000000000e+00
0.000000000000000000e+00
0.000000000000000000e+00
0.000000000000000000e+00
0.000000000000000000e+00
0.000000000000000000e+00
0.000000000000000000e+00
0.000000000000000000e+00
0.000000000000000000e+00
0.000000000000000000e+00
0.000000000000000000e+00
0.000000000000000000e+00
0.000000000000000000e+00
0.000000000000000000e+00
0.000000000000000000e+00
0.000000000000000000e+00
0.000000000000000000e+00
0.000000000000000000e+00
0.000000000000000000e+00
0.000000000000000000e+00
0.000000000000000000e+00
0.000000000000000000e+00
0.000000000000000000e+00
0.000000000000000000e+00
0.000000000000000000e+00
0.000000000000000000e+00
0.000000000000000000e+00
0.000000000000000000e+00
0.000000000000000000e+00
0.000000000000000000e+00
0.000000000000000000e+00
0.000000000000000000e+00
0.000000000000000000e+00
0.000000000000000000e+00
0.000000000000000000e+00
0.000000000000000000e+00
0.000000000000000000e+00
0.000000000000000000e+00
0.000000000000000000e+00
0.000000000000000000e+00
0.000000000000000000e+00
0.000000000000000000e+00
0.000000000000000000e+00
0.000000000000000000e+00
0.000000000000000000e+00
0.000000000000000000e+00
0.000000000000000000e+00
0.000000000000000000e+00
0.000000000000000000e+00
0.000000000000000000e+00
0.000000000000000000e+00
0.000000000000000000e+00
0.000000000000000000e+00
0.000000000000000000e+00
0.000000000000000000e+00
0.000000000000000000e+00
0.000000000000000000e+00
0.000000000000000000e+00
0.000000000000000000e+00
0.000000000000000000e+00
0.000000000000000000e+00
0.000000000000000000e+00
0.000000000000000000e+00
0.000000000000000000e+00
0.000000000000000000e+00
0.000000000000000000e+00
0.000000000000000000e+00
0.000000000000000000e+00
0.000000000000000000e+00
0.000000000000000000e+00
0.000000000000000000e+00
0.000000000000000000e+00
0.000000000000000000e+00
0.000000000000000000e+00
0.000000000000000000e+00
0.000000000000000000e+00
0.000000000000000000e+00
0.000000000000000000e+00
0.000000000000000000e+00
0.000000000000000000e+00
0.000000000000000000e+00
0.000000000000000000e+00
0.000000000000000000e+00
0.000000000000000000e+00
0.000000000000000000e+00
0.000000000000000000e+00
0.000000000000000000e+00
0.000000000000000000e+00
0.000000000000000000e+00
0.000000000000000000e+00
0.000000000000000000e+00
0.000000000000000000e+00
