0.000000000000000000e+00
0.000000000000000000e+00
0.000000000000000000e+00
0.000000000000000000e+00
0.000000000000000000e+00
0.000000000000000000e+00
0.000000000000000000e+00
0.000000000000000000e+00
0.000000000000000000e+00
0.000000000000000000e+00
0.000000000000000000e+00
0.000000000000000000e+00
0.000000000000000000e+00
0.000000000000000000e+00
0.000000000000000000e+00
0.000000000000000000e+00
0.000000000000000000e+00
0.000000000000000000e+00
0.000000000000000000e+00
0.000000000000000000e+00
0.000000000000000000e+00
0.000000000000000000e+00
0.000000000000000000e+00
0.000000000000000000e+00
0.000000000000000000e+00
0.000000000000000000e+00
0.000000000000000000e+00
0.000000000000000000e+00
0.000000000000000000e+00
0.000000000000000000e+00
0.000000000000000000e+00
0.000000000000000000e+00
0.000000000000000000e+00
0.000000000000000000e+00
0.000000000000000000e+00
0.000000000000000000e+00
0.000000000000000000e+00
0.000000000000000000e+00
0.000000000000000000e+00
0.000000000000000000e+00
0.000000000000000000e+00
0.000000000000000000e+00
1.320000000000000000e+02
2.910000000000000000e+02
2.290000000000000000e+02
2.340000000000000000e+02
2.700000000000000000e+02
4.530000000000000000e+02
6.250000000000000000e+02
5.510000000000000000e+02
3.780000000000000000e+02
2.210000000000000000e+02
5.610000000000000000e+02
6.110000000000000000e+02
6.860000000000000000e+02
7.240000000000000000e+02
7.470000000000000000e+02
7.730000000000000000e+02
7.990000000000000000e+02
8.170000000000000000e+02
8.200000000000000000e+02
8.200000000000000000e+02
8.240000000000000000e+02
8.260000000000000000e+02
8.260000000000000000e+02
8.330000000000000000e+02
8.260000000000000000e+02
8.320000000000000000e+02
8.320000000000000000e+02
8.310000000000000000e+02
8.330000000000000000e+02
8.350000000000000000e+02
8.330000000000000000e+02
8.350000000000000000e+02
8.350000000000000000e+02
8.400000000000000000e+02
8.320000000000000000e+02
8.420000000000000000e+02
8.330000000000000000e+02
8.390000000000000000e+02
8.340000000000000000e+02
8.420000000000000000e+02
8.350000000000000000e+02
8.390000000000000000e+02
8.390000000000000000e+02
8.400000000000000000e+02
8.390000000000000000e+02
8.420000000000000000e+02
8.400000000000000000e+02
8.390000000000000000e+02
8.430000000000000000e+02
8.410000000000000000e+02
8.420000000000000000e+02
8.420000000000000000e+02
8.430000000000000000e+02
8.410000000000000000e+02
8.440000000000000000e+02
8.420000000000000000e+02
8.420000000000000000e+02
8.440000000000000000e+02
8.440000000000000000e+02
8.420000000000000000e+02
8.450000000000000000e+02
8.440000000000000000e+02
8.440000000000000000e+02
8.440000000000000000e+02
8.440000000000000000e+02
8.440000000000000000e+02
8.440000000000000000e+02
8.440000000000000000e+02
8.440000000000000000e+02
8.440000000000000000e+02
8.440000000000000000e+02
8.440000000000000000e+02
8.440000000000000000e+02
8.440000000000000000e+02
8.450000000000000000e+02
8.450000000000000000e+02
8.450000000000000000e+02
8.450000000000000000e+02
8.450000000000000000e+02
8.450000000000000000e+02
8.460000000000000000e+02
8.440000000000000000e+02
8.450000000000000000e+02
8.450000000000000000e+02
8.460000000000000000e+02
8.450000000000000000e+02
8.450000000000000000e+02
8.460000000000000000e+02
8.170000000000000000e+02
7.930000000000000000e+02
1.000000000000000000e+00
1.000000000000000000e+01
0.000000000000000000e+00
0.000000000000000000e+00
0.000000000000000000e+00
0.000000000000000000e+00
0.000000000000000000e+00
0.000000000000000000e+00
0.000000000000000000e+00
0.000000000000000000e+00
0.000000000000000000e+00
0.000000000000000000e+00
0.000000000000000000e+00
0.000000000000000000e+00
0.000000000000000000e+00
0.000000000000000000e+00
0.000000000000000000e+00
0.000000000000000000e+00
0.000000000000000000e+00
0.000000000000000000e+00
0.000000000000000000e+00
0.000000000000000000e+00
0.000000000000000000e+00
0.000000000000000000e+00
0.000000000000000000e+00
0.000000000000000000e+00
0.000000000000000000e+00
0.000000000000000000e+00
0.000000000000000000e+00
0.000000000000000000e+00
0.000000000000000000e+00
0.000000000000000000e+00
0.000000000000000000e+00
0.000000000000000000e+00
0.000000000000000000e+00
0.000000000000000000e+00
0.000000000000000000e+00
0.000000000000000000e+00
0.000000000000000000e+00
0.000000000000000000e+00
0.000000000000000000e+00
0.000000000000000000e+00
0.000000000000000000e+00
0.000000000000000000e+00
2.520000000000000000e+02
1.180000000000000000e+02
1.120000000000000000e+02
1.290000000000000000e+02
1.000000000000000000e+01
7.100000000000000000e+01
2.180000000000000000e+02
5.360000000000000000e+02
6.270000000000000000e+02
7.570000000000000000e+02
7.650000000000000000e+02
7.610000000000000000e+02
7.520000000000000000e+02
7.740000000000000000e+02
7.660000000000000000e+02
7.520000000000000000e+02
7.720000000000000000e+02
7.720000000000000000e+02
7.600000000000000000e+02
7.770000000000000000e+02
7.760000000000000000e+02
7.700000000000000000e+02
7.670000000000000000e+02
7.790000000000000000e+02
7.760000000000000000e+02
7.740000000000000000e+02
7.790000000000000000e+02
7.760000000000000000e+02
7.720000000000000000e+02
7.810000000000000000e+02
7.760000000000000000e+02
7.800000000000000000e+02
7.790000000000000000e+02
7.760000000000000000e+02
7.660000000000000000e+02
7.820000000000000000e+02
7.830000000000000000e+02
7.800000000000000000e+02
7.770000000000000000e+02
7.790000000000000000e+02
7.830000000000000000e+02
7.780000000000000000e+02
7.800000000000000000e+02
7.800000000000000000e+02
7.810000000000000000e+02
7.840000000000000000e+02
7.830000000000000000e+02
7.810000000000000000e+02
7.800000000000000000e+02
7.820000000000000000e+02
7.820000000000000000e+02
7.820000000000000000e+02
7.810000000000000000e+02
7.830000000000000000e+02
7.850000000000000000e+02
7.840000000000000000e+02
7.840000000000000000e+02
7.820000000000000000e+02
7.800000000000000000e+02
7.850000000000000000e+02
7.830000000000000000e+02
7.860000000000000000e+02
7.840000000000000000e+02
7.150000000000000000e+02
7.400000000000000000e+01
0.000000000000000000e+00
0.000000000000000000e+00
0.000000000000000000e+00
0.000000000000000000e+00
0.000000000000000000e+00
0.000000000000000000e+00
0.000000000000000000e+00
0.000000000000000000e+00
0.000000000000000000e+00
0.000000000000000000e+00
0.000000000000000000e+00
0.000000000000000000e+00
0.000000000000000000e+00
0.000000000000000000e+00
0.000000000000000000e+00
0.000000000000000000e+00
0.000000000000000000e+00
0.000000000000000000e+00
0.000000000000000000e+00
0.000000000000000000e+00
0.000000000000000000e+00
0.000000000000000000e+00
0.000000000000000000e+00
0.000000000000000000e+00
0.000000000000000000e+00
0.000000000000000000e+00
0.000000000000000000e+00
0.000000000000000000e+00
0.000000000000000000e+00
0.000000000000000000e+00
0.000000000000000000e+00
0.000000000000000000e+00
0.000000000000000000e+00
0.000000000000000000e+00
0.000000000000000000e+00
0.000000000000000000e+00
0.000000000000000000e+00
0.000000000000000000e+00
0.000000000000000000e+00
0.000000000000000000e+00
0.000000000000000000e+00
0.000000000000000000e+00
0.000000000000000000e+00
0.000000000000000000e+00
0.000000000000000000e+00
0.000000000000000000e+00
0.000000000000000000e+00
0.000000000000000000e+00
0.000000000000000000e+00
0.000000000000000000e+00
0.000000000000000000e+00
0.000000000000000000e+00
0.000000000000000000e+00
0.000000000000000000e+00
0.000000000000000000e+00
0.000000000000000000e+00
0.000000000000000000e+00
0.000000000000000000e+00
0.000000000000000000e+00
