0.000000000000000000e+00
0.000000000000000000e+00
0.000000000000000000e+00
0.000000000000000000e+00
0.000000000000000000e+00
0.000000000000000000e+00
0.000000000000000000e+00
0.000000000000000000e+00
0.000000000000000000e+00
0.000000000000000000e+00
0.000000000000000000e+00
0.000000000000000000e+00
0.000000000000000000e+00
0.000000000000000000e+00
0.000000000000000000e+00
0.000000000000000000e+00
0.000000000000000000e+00
0.000000000000000000e+00
0.000000000000000000e+00
0.000000000000000000e+00
0.000000000000000000e+00
0.000000000000000000e+00
0.000000000000000000e+00
0.000000000000000000e+00
0.000000000000000000e+00
0.000000000000000000e+00
0.000000000000000000e+00
0.000000000000000000e+00
0.000000000000000000e+00
0.000000000000000000e+00
0.000000000000000000e+00
0.000000000000000000e+00
0.000000000000000000e+00
0.000000000000000000e+00
0.000000000000000000e+00
0.000000000000000000e+00
0.000000000000000000e+00
0.000000000000000000e+00
0.000000000000000000e+00
0.000000000000000000e+00
0.000000000000000000e+00
0.000000000000000000e+00
0.000000000000000000e+00
0.000000000000000000e+00
0.000000000000000000e+00
0.000000000000000000e+00
0.000000000000000000e+00
2.760000000000000000e+02
5.230000000000000000e+02
6.060000000000000000e+02
6.590000000000000000e+02
6.540000000000000000e+02
5.830000000000000000e+02
6.180000000000000000e+02
6.150000000000000000e+02
6.210000000000000000e+02
5.550000000000000000e+02
6.170000000000000000e+02
5.600000000000000000e+02
5.910000000000000000e+02
6.330000000000000000e+02
5.610000000000000000e+02
6.070000000000000000e+02
6.120000000000000000e+02
6.150000000000000000e+02
6.020000000000000000e+02
6.170000000000000000e+02
6.180000000000000000e+02
6.300000000000000000e+02
6.280000000000000000e+02
6.300000000000000000e+02
6.380000000000000000e+02
6.340000000000000000e+02
6.490000000000000000e+02
6.370000000000000000e+02
6.490000000000000000e+02
6.420000000000000000e+02
6.410000000000000000e+02
6.370000000000000000e+02
6.520000000000000000e+02
6.510000000000000000e+02
6.390000000000000000e+02
6.530000000000000000e+02
6.430000000000000000e+02
6.490000000000000000e+02
6.560000000000000000e+02
6.500000000000000000e+02
6.510000000000000000e+02
6.560000000000000000e+02
6.610000000000000000e+02
6.570000000000000000e+02
6.530000000000000000e+02
6.580000000000000000e+02
6.530000000000000000e+02
6.560000000000000000e+02
6.570000000000000000e+02
6.660000000000000000e+02
6.550000000000000000e+02
6.640000000000000000e+02
6.650000000000000000e+02
6.630000000000000000e+02
6.660000000000000000e+02
6.680000000000000000e+02
6.650000000000000000e+02
6.670000000000000000e+02
6.690000000000000000e+02
6.670000000000000000e+02
6.690000000000000000e+02
6.720000000000000000e+02
6.690000000000000000e+02
6.730000000000000000e+02
6.710000000000000000e+02
6.700000000000000000e+02
6.740000000000000000e+02
6.730000000000000000e+02
6.720000000000000000e+02
6.710000000000000000e+02
6.740000000000000000e+02
6.730000000000000000e+02
6.740000000000000000e+02
6.740000000000000000e+02
6.720000000000000000e+02
6.770000000000000000e+02
6.760000000000000000e+02
6.750000000000000000e+02
6.780000000000000000e+02
6.770000000000000000e+02
6.790000000000000000e+02
6.780000000000000000e+02
6.790000000000000000e+02
6.780000000000000000e+02
6.800000000000000000e+02
6.810000000000000000e+02
6.820000000000000000e+02
6.760000000000000000e+02
6.850000000000000000e+02
6.830000000000000000e+02
6.780000000000000000e+02
6.320000000000000000e+02
5.440000000000000000e+02
4.430000000000000000e+02
0.000000000000000000e+00
0.000000000000000000e+00
0.000000000000000000e+00
0.000000000000000000e+00
0.000000000000000000e+00
0.000000000000000000e+00
0.000000000000000000e+00
0.000000000000000000e+00
0.000000000000000000e+00
0.000000000000000000e+00
0.000000000000000000e+00
0.000000000000000000e+00
0.000000000000000000e+00
0.000000000000000000e+00
0.000000000000000000e+00
0.000000000000000000e+00
0.000000000000000000e+00
0.000000000000000000e+00
0.000000000000000000e+00
0.000000000000000000e+00
0.000000000000000000e+00
0.000000000000000000e+00
0.000000000000000000e+00
0.000000000000000000e+00
0.000000000000000000e+00
0.000000000000000000e+00
0.000000000000000000e+00
0.000000000000000000e+00
0.000000000000000000e+00
0.000000000000000000e+00
0.000000000000000000e+00
0.000000000000000000e+00
0.000000000000000000e+00
0.000000000000000000e+00
0.000000000000000000e+00
0.000000000000000000e+00
0.000000000000000000e+00
0.000000000000000000e+00
0.000000000000000000e+00
0.000000000000000000e+00
0.000000000000000000e+00
0.000000000000000000e+00
0.000000000000000000e+00
0.000000000000000000e+00
0.000000000000000000e+00
1.400000000000000000e+01
3.010000000000000000e+02
4.960000000000000000e+02
5.040000000000000000e+02
5.080000000000000000e+02
3.180000000000000000e+02
3.310000000000000000e+02
3.780000000000000000e+02
3.180000000000000000e+02
3.390000000000000000e+02
3.510000000000000000e+02
3.720000000000000000e+02
3.630000000000000000e+02
3.320000000000000000e+02
3.850000000000000000e+02
3.810000000000000000e+02
3.520000000000000000e+02
3.710000000000000000e+02
3.920000000000000000e+02
3.810000000000000000e+02
3.680000000000000000e+02
3.920000000000000000e+02
3.910000000000000000e+02
3.760000000000000000e+02
3.920000000000000000e+02
3.970000000000000000e+02
3.930000000000000000e+02
3.830000000000000000e+02
4.010000000000000000e+02
4.010000000000000000e+02
3.790000000000000000e+02
3.960000000000000000e+02
4.020000000000000000e+02
4.000000000000000000e+02
3.990000000000000000e+02
4.000000000000000000e+02
3.960000000000000000e+02
3.980000000000000000e+02
4.050000000000000000e+02
3.760000000000000000e+02
4.020000000000000000e+02
4.050000000000000000e+02
4.020000000000000000e+02
4.020000000000000000e+02
4.100000000000000000e+02
4.040000000000000000e+02
4.080000000000000000e+02
4.130000000000000000e+02
4.080000000000000000e+02
4.090000000000000000e+02
4.070000000000000000e+02
4.130000000000000000e+02
4.160000000000000000e+02
4.170000000000000000e+02
4.190000000000000000e+02
4.160000000000000000e+02
4.170000000000000000e+02
4.210000000000000000e+02
4.180000000000000000e+02
4.160000000000000000e+02
4.250000000000000000e+02
4.220000000000000000e+02
4.200000000000000000e+02
4.260000000000000000e+02
4.250000000000000000e+02
4.250000000000000000e+02
4.260000000000000000e+02
4.260000000000000000e+02
4.240000000000000000e+02
4.260000000000000000e+02
4.260000000000000000e+02
4.250000000000000000e+02
4.240000000000000000e+02
4.250000000000000000e+02
4.230000000000000000e+02
4.240000000000000000e+02
4.260000000000000000e+02
4.260000000000000000e+02
4.240000000000000000e+02
4.250000000000000000e+02
4.260000000000000000e+02
4.250000000000000000e+02
4.220000000000000000e+02
3.570000000000000000e+02
3.110000000000000000e+02
3.460000000000000000e+02
3.380000000000000000e+02
2.500000000000000000e+01
0.000000000000000000e+00
0.000000000000000000e+00
0.000000000000000000e+00
0.000000000000000000e+00
0.000000000000000000e+00
0.000000000000000000e+00
0.000000000000000000e+00
0.000000000000000000e+00
0.000000000000000000e+00
0.000000000000000000e+00
0.000000000000000000e+00
0.000000000000000000e+00
0.000000000000000000e+00
0.000000000000000000e+00
0.000000000000000000e+00
0.000000000000000000e+00
0.000000000000000000e+00
0.000000000000000000e+00
0.000000000000000000e+00
0.000000000000000000e+00
0.000000000000000000e+00
0.000000000000000000e+00
0.000000000000000000e+00
0.000000000000000000e+00
0.000000000000000000e+00
0.000000000000000000e+00
