0.000000000000000000e+00
0.000000000000000000e+00
0.000000000000000000e+00
0.000000000000000000e+00
0.000000000000000000e+00
0.000000000000000000e+00
0.000000000000000000e+00
0.000000000000000000e+00
0.000000000000000000e+00
0.000000000000000000e+00
0.000000000000000000e+00
0.000000000000000000e+00
0.000000000000000000e+00
0.000000000000000000e+00
0.000000000000000000e+00
0.000000000000000000e+00
0.000000000000000000e+00
0.000000000000000000e+00
0.000000000000000000e+00
0.000000000000000000e+00
0.000000000000000000e+00
0.000000000000000000e+00
0.000000000000000000e+00
0.000000000000000000e+00
0.000000000000000000e+00
0.000000000000000000e+00
0.000000000000000000e+00
0.000000000000000000e+00
0.000000000000000000e+00
0.000000000000000000e+00
0.000000000000000000e+00
0.000000000000000000e+00
0.000000000000000000e+00
0.000000000000000000e+00
0.000000000000000000e+00
0.000000000000000000e+00
0.000000000000000000e+00
0.000000000000000000e+00
0.000000000000000000e+00
3.360000000000000000e+02
5.020000000000000000e+02
5.960000000000000000e+02
6.220000000000000000e+02
6.100000000000000000e+02
5.660000000000000000e+02
6.160000000000000000e+02
6.140000000000000000e+02
6.360000000000000000e+02
6.050000000000000000e+02
5.240000000000000000e+02
6.220000000000000000e+02
6.490000000000000000e+02
5.990000000000000000e+02
6.110000000000000000e+02
6.140000000000000000e+02
6.510000000000000000e+02
6.090000000000000000e+02
6.370000000000000000e+02
6.310000000000000000e+02
6.350000000000000000e+02
6.630000000000000000e+02
6.340000000000000000e+02
6.430000000000000000e+02
6.590000000000000000e+02
6.460000000000000000e+02
6.540000000000000000e+02
6.370000000000000000e+02
6.670000000000000000e+02
6.490000000000000000e+02
6.540000000000000000e+02
6.580000000000000000e+02
6.490000000000000000e+02
6.660000000000000000e+02
6.480000000000000000e+02
6.650000000000000000e+02
6.600000000000000000e+02
6.630000000000000000e+02
6.680000000000000000e+02
6.550000000000000000e+02
6.730000000000000000e+02
6.630000000000000000e+02
6.700000000000000000e+02
6.740000000000000000e+02
6.650000000000000000e+02
6.740000000000000000e+02
6.650000000000000000e+02
6.740000000000000000e+02
6.750000000000000000e+02
6.780000000000000000e+02
6.770000000000000000e+02
6.690000000000000000e+02
6.790000000000000000e+02
6.710000000000000000e+02
6.780000000000000000e+02
6.800000000000000000e+02
6.770000000000000000e+02
6.800000000000000000e+02
6.790000000000000000e+02
6.810000000000000000e+02
6.780000000000000000e+02
6.810000000000000000e+02
6.820000000000000000e+02
6.820000000000000000e+02
6.830000000000000000e+02
6.680000000000000000e+02
6.840000000000000000e+02
6.790000000000000000e+02
6.170000000000000000e+02
4.090000000000000000e+02
5.300000000000000000e+01
0.000000000000000000e+00
0.000000000000000000e+00
0.000000000000000000e+00
0.000000000000000000e+00
0.000000000000000000e+00
0.000000000000000000e+00
0.000000000000000000e+00
0.000000000000000000e+00
0.000000000000000000e+00
0.000000000000000000e+00
0.000000000000000000e+00
0.000000000000000000e+00
0.000000000000000000e+00
0.000000000000000000e+00
0.000000000000000000e+00
0.000000000000000000e+00
0.000000000000000000e+00
0.000000000000000000e+00
0.000000000000000000e+00
0.000000000000000000e+00
0.000000000000000000e+00
0.000000000000000000e+00
0.000000000000000000e+00
0.000000000000000000e+00
0.000000000000000000e+00
0.000000000000000000e+00
0.000000000000000000e+00
0.000000000000000000e+00
0.000000000000000000e+00
0.000000000000000000e+00
0.000000000000000000e+00
0.000000000000000000e+00
0.000000000000000000e+00
0.000000000000000000e+00
0.000000000000000000e+00
0.000000000000000000e+00
0.000000000000000000e+00
0.000000000000000000e+00
0.000000000000000000e+00
0.000000000000000000e+00
0.000000000000000000e+00
0.000000000000000000e+00
0.000000000000000000e+00
0.000000000000000000e+00
0.000000000000000000e+00
0.000000000000000000e+00
3.460000000000000000e+02
5.280000000000000000e+02
6.010000000000000000e+02
6.280000000000000000e+02
6.910000000000000000e+02
5.560000000000000000e+02
5.420000000000000000e+02
6.520000000000000000e+02
6.320000000000000000e+02
6.150000000000000000e+02
6.560000000000000000e+02
6.770000000000000000e+02
6.300000000000000000e+02
6.720000000000000000e+02
6.500000000000000000e+02
6.540000000000000000e+02
6.670000000000000000e+02
6.690000000000000000e+02
6.520000000000000000e+02
6.910000000000000000e+02
6.580000000000000000e+02
6.650000000000000000e+02
6.820000000000000000e+02
6.710000000000000000e+02
6.640000000000000000e+02
6.900000000000000000e+02
6.660000000000000000e+02
6.670000000000000000e+02
6.940000000000000000e+02
6.670000000000000000e+02
6.800000000000000000e+02
6.920000000000000000e+02
6.770000000000000000e+02
6.710000000000000000e+02
7.000000000000000000e+02
6.740000000000000000e+02
6.800000000000000000e+02
6.940000000000000000e+02
6.790000000000000000e+02
6.830000000000000000e+02
6.910000000000000000e+02
6.870000000000000000e+02
6.880000000000000000e+02
6.950000000000000000e+02
6.840000000000000000e+02
6.740000000000000000e+02
6.990000000000000000e+02
6.750000000000000000e+02
6.980000000000000000e+02
6.950000000000000000e+02
6.930000000000000000e+02
6.790000000000000000e+02
6.980000000000000000e+02
6.870000000000000000e+02
6.960000000000000000e+02
6.910000000000000000e+02
6.990000000000000000e+02
6.930000000000000000e+02
6.970000000000000000e+02
6.960000000000000000e+02
6.970000000000000000e+02
6.990000000000000000e+02
6.970000000000000000e+02
6.970000000000000000e+02
6.940000000000000000e+02
7.010000000000000000e+02
7.000000000000000000e+02
6.990000000000000000e+02
6.990000000000000000e+02
6.990000000000000000e+02
6.990000000000000000e+02
7.010000000000000000e+02
7.020000000000000000e+02
6.980000000000000000e+02
7.020000000000000000e+02
6.990000000000000000e+02
7.030000000000000000e+02
7.020000000000000000e+02
7.050000000000000000e+02
7.010000000000000000e+02
7.110000000000000000e+02
7.030000000000000000e+02
7.060000000000000000e+02
7.040000000000000000e+02
7.020000000000000000e+02
7.070000000000000000e+02
7.080000000000000000e+02
7.080000000000000000e+02
7.080000000000000000e+02
7.110000000000000000e+02
7.070000000000000000e+02
7.060000000000000000e+02
7.100000000000000000e+02
7.090000000000000000e+02
7.000000000000000000e+02
6.580000000000000000e+02
6.120000000000000000e+02
2.340000000000000000e+02
0.000000000000000000e+00
0.000000000000000000e+00
0.000000000000000000e+00
0.000000000000000000e+00
0.000000000000000000e+00
0.000000000000000000e+00
0.000000000000000000e+00
0.000000000000000000e+00
0.000000000000000000e+00
0.000000000000000000e+00
0.000000000000000000e+00
0.000000000000000000e+00
0.000000000000000000e+00
0.000000000000000000e+00
0.000000000000000000e+00
0.000000000000000000e+00
0.000000000000000000e+00
0.000000000000000000e+00
0.000000000000000000e+00
0.000000000000000000e+00
0.000000000000000000e+00
0.000000000000000000e+00
0.000000000000000000e+00
0.000000000000000000e+00
0.000000000000000000e+00
0.000000000000000000e+00
0.000000000000000000e+00
0.000000000000000000e+00
0.000000000000000000e+00
0.000000000000000000e+00
0.000000000000000000e+00
0.000000000000000000e+00
0.000000000000000000e+00
0.000000000000000000e+00
0.000000000000000000e+00
0.000000000000000000e+00
0.000000000000000000e+00
0.000000000000000000e+00
0.000000000000000000e+00
0.000000000000000000e+00
0.000000000000000000e+00
0.000000000000000000e+00
0.000000000000000000e+00
0.000000000000000000e+00
0.000000000000000000e+00
0.000000000000000000e+00
