0.000000000000000000e+00
0.000000000000000000e+00
0.000000000000000000e+00
0.000000000000000000e+00
0.000000000000000000e+00
0.000000000000000000e+00
0.000000000000000000e+00
0.000000000000000000e+00
0.000000000000000000e+00
0.000000000000000000e+00
0.000000000000000000e+00
0.000000000000000000e+00
0.000000000000000000e+00
0.000000000000000000e+00
0.000000000000000000e+00
0.000000000000000000e+00
0.000000000000000000e+00
0.000000000000000000e+00
0.000000000000000000e+00
0.000000000000000000e+00
0.000000000000000000e+00
0.000000000000000000e+00
0.000000000000000000e+00
0.000000000000000000e+00
0.000000000000000000e+00
0.000000000000000000e+00
0.000000000000000000e+00
0.000000000000000000e+00
0.000000000000000000e+00
0.000000000000000000e+00
0.000000000000000000e+00
0.000000000000000000e+00
0.000000000000000000e+00
0.000000000000000000e+00
0.000000000000000000e+00
0.000000000000000000e+00
0.000000000000000000e+00
0.000000000000000000e+00
0.000000000000000000e+00
0.000000000000000000e+00
0.000000000000000000e+00
0.000000000000000000e+00
0.000000000000000000e+00
1.020000000000000000e+02
2.390000000000000000e+02
3.410000000000000000e+02
4.260000000000000000e+02
5.170000000000000000e+02
5.940000000000000000e+02
6.250000000000000000e+02
6.760000000000000000e+02
7.160000000000000000e+02
7.310000000000000000e+02
7.370000000000000000e+02
7.060000000000000000e+02
7.260000000000000000e+02
7.040000000000000000e+02
7.140000000000000000e+02
7.300000000000000000e+02
7.180000000000000000e+02
7.170000000000000000e+02
7.270000000000000000e+02
7.260000000000000000e+02
7.170000000000000000e+02
7.330000000000000000e+02
7.200000000000000000e+02
7.250000000000000000e+02
7.310000000000000000e+02
7.280000000000000000e+02
7.250000000000000000e+02
7.380000000000000000e+02
7.190000000000000000e+02
7.260000000000000000e+02
7.370000000000000000e+02
7.260000000000000000e+02
7.270000000000000000e+02
7.330000000000000000e+02
7.280000000000000000e+02
7.320000000000000000e+02
7.350000000000000000e+02
7.200000000000000000e+02
7.360000000000000000e+02
7.330000000000000000e+02
7.300000000000000000e+02
7.310000000000000000e+02
7.330000000000000000e+02
7.270000000000000000e+02
7.340000000000000000e+02
7.340000000000000000e+02
7.240000000000000000e+02
7.370000000000000000e+02
7.290000000000000000e+02
7.310000000000000000e+02
7.340000000000000000e+02
7.330000000000000000e+02
7.310000000000000000e+02
7.330000000000000000e+02
7.350000000000000000e+02
7.250000000000000000e+02
7.380000000000000000e+02
7.320000000000000000e+02
7.320000000000000000e+02
7.380000000000000000e+02
7.330000000000000000e+02
7.330000000000000000e+02
7.390000000000000000e+02
7.340000000000000000e+02
7.320000000000000000e+02
7.380000000000000000e+02
7.320000000000000000e+02
7.330000000000000000e+02
7.370000000000000000e+02
7.360000000000000000e+02
7.320000000000000000e+02
7.350000000000000000e+02
7.390000000000000000e+02
7.320000000000000000e+02
7.380000000000000000e+02
7.320000000000000000e+02
7.400000000000000000e+02
7.380000000000000000e+02
7.340000000000000000e+02
7.360000000000000000e+02
7.360000000000000000e+02
7.360000000000000000e+02
7.150000000000000000e+02
7.220000000000000000e+02
7.180000000000000000e+02
4.480000000000000000e+02
1.840000000000000000e+02
0.000000000000000000e+00
0.000000000000000000e+00
0.000000000000000000e+00
0.000000000000000000e+00
0.000000000000000000e+00
0.000000000000000000e+00
0.000000000000000000e+00
0.000000000000000000e+00
0.000000000000000000e+00
0.000000000000000000e+00
0.000000000000000000e+00
0.000000000000000000e+00
0.000000000000000000e+00
0.000000000000000000e+00
0.000000000000000000e+00
0.000000000000000000e+00
0.000000000000000000e+00
0.000000000000000000e+00
0.000000000000000000e+00
0.000000000000000000e+00
0.000000000000000000e+00
0.000000000000000000e+00
0.000000000000000000e+00
0.000000000000000000e+00
0.000000000000000000e+00
0.000000000000000000e+00
0.000000000000000000e+00
0.000000000000000000e+00
0.000000000000000000e+00
0.000000000000000000e+00
0.000000000000000000e+00
0.000000000000000000e+00
0.000000000000000000e+00
0.000000000000000000e+00
0.000000000000000000e+00
0.000000000000000000e+00
0.000000000000000000e+00
0.000000000000000000e+00
0.000000000000000000e+00
0.000000000000000000e+00
0.000000000000000000e+00
0.000000000000000000e+00
0.000000000000000000e+00
0.000000000000000000e+00
0.000000000000000000e+00
0.000000000000000000e+00
0.000000000000000000e+00
0.000000000000000000e+00
0.000000000000000000e+00
0.000000000000000000e+00
0.000000000000000000e+00
0.000000000000000000e+00
0.000000000000000000e+00
0.000000000000000000e+00
0.000000000000000000e+00
0.000000000000000000e+00
0.000000000000000000e+00
0.000000000000000000e+00
0.000000000000000000e+00
0.000000000000000000e+00
0.000000000000000000e+00
0.000000000000000000e+00
0.000000000000000000e+00
0.000000000000000000e+00
0.000000000000000000e+00
0.000000000000000000e+00
0.000000000000000000e+00
0.000000000000000000e+00
0.000000000000000000e+00
0.000000000000000000e+00
0.000000000000000000e+00
0.000000000000000000e+00
0.000000000000000000e+00
0.000000000000000000e+00
0.000000000000000000e+00
0.000000000000000000e+00
0.000000000000000000e+00
0.000000000000000000e+00
2.070000000000000000e+02
3.050000000000000000e+02
2.680000000000000000e+02
4.030000000000000000e+02
5.000000000000000000e+02
5.270000000000000000e+02
5.130000000000000000e+02
5.320000000000000000e+02
5.900000000000000000e+02
6.330000000000000000e+02
6.350000000000000000e+02
6.630000000000000000e+02
6.430000000000000000e+02
6.310000000000000000e+02
5.780000000000000000e+02
5.840000000000000000e+02
5.840000000000000000e+02
5.970000000000000000e+02
5.370000000000000000e+02
5.490000000000000000e+02
5.890000000000000000e+02
5.630000000000000000e+02
5.440000000000000000e+02
5.760000000000000000e+02
5.780000000000000000e+02
5.470000000000000000e+02
5.690000000000000000e+02
5.790000000000000000e+02
5.640000000000000000e+02
5.610000000000000000e+02
5.800000000000000000e+02
5.670000000000000000e+02
5.590000000000000000e+02
5.750000000000000000e+02
5.900000000000000000e+02
5.280000000000000000e+02
5.930000000000000000e+02
5.570000000000000000e+02
5.670000000000000000e+02
5.790000000000000000e+02
5.810000000000000000e+02
5.500000000000000000e+02
5.740000000000000000e+02
5.820000000000000000e+02
5.700000000000000000e+02
5.750000000000000000e+02
5.790000000000000000e+02
5.840000000000000000e+02
5.620000000000000000e+02
5.740000000000000000e+02
5.830000000000000000e+02
5.680000000000000000e+02
5.720000000000000000e+02
5.800000000000000000e+02
5.820000000000000000e+02
5.660000000000000000e+02
5.840000000000000000e+02
5.790000000000000000e+02
5.700000000000000000e+02
5.780000000000000000e+02
5.790000000000000000e+02
5.760000000000000000e+02
5.500000000000000000e+02
5.960000000000000000e+02
5.560000000000000000e+02
5.920000000000000000e+02
5.640000000000000000e+02
5.830000000000000000e+02
5.650000000000000000e+02
5.870000000000000000e+02
6.090000000000000000e+02
6.770000000000000000e+02
9.600000000000000000e+01
0.000000000000000000e+00
0.000000000000000000e+00
0.000000000000000000e+00
0.000000000000000000e+00
0.000000000000000000e+00
0.000000000000000000e+00
0.000000000000000000e+00
0.000000000000000000e+00
0.000000000000000000e+00
0.000000000000000000e+00
0.000000000000000000e+00
0.000000000000000000e+00
0.000000000000000000e+00
0.000000000000000000e+00
0.000000000000000000e+00
0.000000000000000000e+00
0.000000000000000000e+00
0.000000000000000000e+00
0.000000000000000000e+00
