5.000000000000000000e+00
1.500000000000000000e+01
1.600000000000000000e+01
1.600000000000000000e+01
1.500000000000000000e+01
1.500000000000000000e+01
1.600000000000000000e+01
1.600000000000000000e+01
1.600000000000000000e+01
1.600000000000000000e+01
1.600000000000000000e+01
1.600000000000000000e+01
1.600000000000000000e+01
1.600000000000000000e+01
1.600000000000000000e+01
1.600000000000000000e+01
1.600000000000000000e+01
1.600000000000000000e+01
1.700000000000000000e+01
1.600000000000000000e+01
0.000000000000000000e+00
5.200000000000000000e+01
3.680000000000000000e+02
5.840000000000000000e+02
6.510000000000000000e+02
7.500000000000000000e+02
8.760000000000000000e+02
9.120000000000000000e+02
9.110000000000000000e+02
8.940000000000000000e+02
8.820000000000000000e+02
8.780000000000000000e+02
7.840000000000000000e+02
8.440000000000000000e+02
8.670000000000000000e+02
8.690000000000000000e+02
8.620000000000000000e+02
8.560000000000000000e+02
8.460000000000000000e+02
8.600000000000000000e+02
8.870000000000000000e+02
8.580000000000000000e+02
8.500000000000000000e+02
8.740000000000000000e+02
8.680000000000000000e+02
8.640000000000000000e+02
8.650000000000000000e+02
8.690000000000000000e+02
8.640000000000000000e+02
8.710000000000000000e+02
8.740000000000000000e+02
8.590000000000000000e+02
8.750000000000000000e+02
8.800000000000000000e+02
8.600000000000000000e+02
8.770000000000000000e+02
8.700000000000000000e+02
8.740000000000000000e+02
8.710000000000000000e+02
8.780000000000000000e+02
8.710000000000000000e+02
8.730000000000000000e+02
8.820000000000000000e+02
8.700000000000000000e+02
8.740000000000000000e+02
8.800000000000000000e+02
8.740000000000000000e+02
8.770000000000000000e+02
8.730000000000000000e+02
8.750000000000000000e+02
8.790000000000000000e+02
8.780000000000000000e+02
8.740000000000000000e+02
8.780000000000000000e+02
8.780000000000000000e+02
8.750000000000000000e+02
8.790000000000000000e+02
8.790000000000000000e+02
8.770000000000000000e+02
8.790000000000000000e+02
8.790000000000000000e+02
8.780000000000000000e+02
8.800000000000000000e+02
8.800000000000000000e+02
8.780000000000000000e+02
8.800000000000000000e+02
8.780000000000000000e+02
8.790000000000000000e+02
8.800000000000000000e+02
8.810000000000000000e+02
8.800000000000000000e+02
8.820000000000000000e+02
8.780000000000000000e+02
8.810000000000000000e+02
8.820000000000000000e+02
8.810000000000000000e+02
8.790000000000000000e+02
8.820000000000000000e+02
8.800000000000000000e+02
8.640000000000000000e+02
8.850000000000000000e+02
8.600000000000000000e+02
8.660000000000000000e+02
8.680000000000000000e+02
8.830000000000000000e+02
8.710000000000000000e+02
7.730000000000000000e+02
5.400000000000000000e+02
0.000000000000000000e+00
1.100000000000000000e+01
1.000000000000000000e+01
9.000000000000000000e+00
1.600000000000000000e+01
2.300000000000000000e+01
2.400000000000000000e+01
2.600000000000000000e+01
2.200000000000000000e+01
2.100000000000000000e+01
1.800000000000000000e+01
1.800000000000000000e+01
1.800000000000000000e+01
1.700000000000000000e+01
1.400000000000000000e+01
1.400000000000000000e+01
1.300000000000000000e+01
1.300000000000000000e+01
1.300000000000000000e+01
1.300000000000000000e+01
1.300000000000000000e+01
1.400000000000000000e+01
1.400000000000000000e+01
1.400000000000000000e+01
1.300000000000000000e+01
1.500000000000000000e+01
1.300000000000000000e+01
1.300000000000000000e+01
1.600000000000000000e+01
1.600000000000000000e+01
1.500000000000000000e+01
1.600000000000000000e+01
1.400000000000000000e+01
1.500000000000000000e+01
1.700000000000000000e+01
1.400000000000000000e+01
1.700000000000000000e+01
1.700000000000000000e+01
1.700000000000000000e+01
1.700000000000000000e+01
1.500000000000000000e+01
1.600000000000000000e+01
1.800000000000000000e+01
1.800000000000000000e+01
1.800000000000000000e+01
1.700000000000000000e+01
1.700000000000000000e+01
1.700000000000000000e+01
1.700000000000000000e+01
1.600000000000000000e+01
1.700000000000000000e+01
1.600000000000000000e+01
1.700000000000000000e+01
1.600000000000000000e+01
1.700000000000000000e+01
1.500000000000000000e+01
1.700000000000000000e+01
1.600000000000000000e+01
1.700000000000000000e+01
1.600000000000000000e+01
1.700000000000000000e+01
1.800000000000000000e+01
1.700000000000000000e+01
1.800000000000000000e+01
1.800000000000000000e+01
1.800000000000000000e+01
1.800000000000000000e+01
1.800000000000000000e+01
1.700000000000000000e+01
1.800000000000000000e+01
0.000000000000000000e+00
0.000000000000000000e+00
0.000000000000000000e+00
6.600000000000000000e+01
4.790000000000000000e+02
5.940000000000000000e+02
6.980000000000000000e+02
8.330000000000000000e+02
8.900000000000000000e+02
9.090000000000000000e+02
9.020000000000000000e+02
8.960000000000000000e+02
8.890000000000000000e+02
8.850000000000000000e+02
8.900000000000000000e+02
8.720000000000000000e+02
8.780000000000000000e+02
8.700000000000000000e+02
8.900000000000000000e+02
8.880000000000000000e+02
8.740000000000000000e+02
8.830000000000000000e+02
8.880000000000000000e+02
8.870000000000000000e+02
8.900000000000000000e+02
8.800000000000000000e+02
8.880000000000000000e+02
8.900000000000000000e+02
8.900000000000000000e+02
8.900000000000000000e+02
8.810000000000000000e+02
8.930000000000000000e+02
8.900000000000000000e+02
8.870000000000000000e+02
8.910000000000000000e+02
8.900000000000000000e+02
8.820000000000000000e+02
8.880000000000000000e+02
8.920000000000000000e+02
8.930000000000000000e+02
8.850000000000000000e+02
8.890000000000000000e+02
8.920000000000000000e+02
8.920000000000000000e+02
8.920000000000000000e+02
8.870000000000000000e+02
8.930000000000000000e+02
8.940000000000000000e+02
8.880000000000000000e+02
8.930000000000000000e+02
8.920000000000000000e+02
8.940000000000000000e+02
8.930000000000000000e+02
8.910000000000000000e+02
8.940000000000000000e+02
8.940000000000000000e+02
8.930000000000000000e+02
8.900000000000000000e+02
8.930000000000000000e+02
8.340000000000000000e+02
7.660000000000000000e+02
7.090000000000000000e+02
0.000000000000000000e+00
0.000000000000000000e+00
0.000000000000000000e+00
0.000000000000000000e+00
0.000000000000000000e+00
0.000000000000000000e+00
0.000000000000000000e+00
0.000000000000000000e+00
0.000000000000000000e+00
0.000000000000000000e+00
0.000000000000000000e+00
0.000000000000000000e+00
0.000000000000000000e+00
0.000000000000000000e+00
0.000000000000000000e+00
0.000000000000000000e+00
0.000000000000000000e+00
0.000000000000000000e+00
0.000000000000000000e+00
0.000000000000000000e+00
0.000000000000000000e+00
0.000000000000000000e+00
0.000000000000000000e+00
0.000000000000000000e+00
0.000000000000000000e+00
0.000000000000000000e+00
0.000000000000000000e+00
0.000000000000000000e+00
0.000000000000000000e+00
0.000000000000000000e+00
0.000000000000000000e+00
0.000000000000000000e+00
0.000000000000000000e+00
0.000000000000000000e+00
0.000000000000000000e+00
0.000000000000000000e+00
0.000000000000000000e+00
0.000000000000000000e+00
0.000000000000000000e+00
0.000000000000000000e+00
0.000000000000000000e+00
0.000000000000000000e+00
0.000000000000000000e+00
0.000000000000000000e+00
0.000000000000000000e+00
0.000000000000000000e+00
0.000000000000000000e+00
0.000000000000000000e+00
0.000000000000000000e+00
0.000000000000000000e+00
0.000000000000000000e+00
0.000000000000000000e+00
0.000000000000000000e+00
0.000000000000000000e+00
0.000000000000000000e+00
0.000000000000000000e+00
0.000000000000000000e+00
0.000000000000000000e+00
0.000000000000000000e+00
0.000000000000000000e+00
