0.000000000000000000e+00
0.000000000000000000e+00
0.000000000000000000e+00
0.000000000000000000e+00
0.000000000000000000e+00
0.000000000000000000e+00
0.000000000000000000e+00
0.000000000000000000e+00
0.000000000000000000e+00
0.000000000000000000e+00
0.000000000000000000e+00
0.000000000000000000e+00
0.000000000000000000e+00
0.000000000000000000e+00
0.000000000000000000e+00
0.000000000000000000e+00
0.000000000000000000e+00
0.000000000000000000e+00
0.000000000000000000e+00
0.000000000000000000e+00
0.000000000000000000e+00
0.000000000000000000e+00
0.000000000000000000e+00
0.000000000000000000e+00
0.000000000000000000e+00
0.000000000000000000e+00
0.000000000000000000e+00
0.000000000000000000e+00
0.000000000000000000e+00
0.000000000000000000e+00
0.000000000000000000e+00
3.500000000000000000e+02
0.000000000000000000e+00
2.060000000000000000e+02
3.410000000000000000e+02
6.140000000000000000e+02
6.620000000000000000e+02
6.520000000000000000e+02
6.530000000000000000e+02
6.820000000000000000e+02
7.240000000000000000e+02
6.580000000000000000e+02
6.590000000000000000e+02
7.330000000000000000e+02
6.740000000000000000e+02
6.600000000000000000e+02
6.910000000000000000e+02
7.230000000000000000e+02
6.770000000000000000e+02
6.670000000000000000e+02
7.240000000000000000e+02
6.910000000000000000e+02
6.750000000000000000e+02
6.920000000000000000e+02
7.070000000000000000e+02
6.870000000000000000e+02
6.830000000000000000e+02
7.040000000000000000e+02
7.030000000000000000e+02
6.830000000000000000e+02
6.930000000000000000e+02
7.060000000000000000e+02
6.950000000000000000e+02
6.860000000000000000e+02
7.070000000000000000e+02
6.990000000000000000e+02
6.910000000000000000e+02
6.980000000000000000e+02
7.070000000000000000e+02
6.920000000000000000e+02
6.930000000000000000e+02
7.030000000000000000e+02
6.970000000000000000e+02
6.950000000000000000e+02
6.980000000000000000e+02
7.030000000000000000e+02
6.950000000000000000e+02
6.980000000000000000e+02
7.030000000000000000e+02
7.000000000000000000e+02
6.970000000000000000e+02
7.030000000000000000e+02
7.040000000000000000e+02
6.980000000000000000e+02
7.000000000000000000e+02
7.040000000000000000e+02
6.990000000000000000e+02
7.020000000000000000e+02
7.030000000000000000e+02
7.020000000000000000e+02
7.000000000000000000e+02
7.040000000000000000e+02
7.020000000000000000e+02
6.990000000000000000e+02
7.040000000000000000e+02
7.030000000000000000e+02
7.020000000000000000e+02
7.040000000000000000e+02
7.010000000000000000e+02
7.080000000000000000e+02
7.080000000000000000e+02
6.990000000000000000e+02
7.100000000000000000e+02
7.020000000000000000e+02
7.060000000000000000e+02
7.010000000000000000e+02
7.130000000000000000e+02
6.950000000000000000e+02
7.040000000000000000e+02
6.990000000000000000e+02
6.800000000000000000e+02
6.510000000000000000e+02
3.370000000000000000e+02
2.100000000000000000e+01
0.000000000000000000e+00
0.000000000000000000e+00
0.000000000000000000e+00
0.000000000000000000e+00
0.000000000000000000e+00
0.000000000000000000e+00
0.000000000000000000e+00
0.000000000000000000e+00
0.000000000000000000e+00
0.000000000000000000e+00
0.000000000000000000e+00
0.000000000000000000e+00
0.000000000000000000e+00
0.000000000000000000e+00
0.000000000000000000e+00
0.000000000000000000e+00
0.000000000000000000e+00
0.000000000000000000e+00
0.000000000000000000e+00
0.000000000000000000e+00
0.000000000000000000e+00
0.000000000000000000e+00
0.000000000000000000e+00
0.000000000000000000e+00
0.000000000000000000e+00
0.000000000000000000e+00
0.000000000000000000e+00
0.000000000000000000e+00
0.000000000000000000e+00
0.000000000000000000e+00
0.000000000000000000e+00
0.000000000000000000e+00
0.000000000000000000e+00
0.000000000000000000e+00
0.000000000000000000e+00
0.000000000000000000e+00
0.000000000000000000e+00
0.000000000000000000e+00
0.000000000000000000e+00
0.000000000000000000e+00
0.000000000000000000e+00
0.000000000000000000e+00
0.000000000000000000e+00
0.000000000000000000e+00
0.000000000000000000e+00
1.200000000000000000e+02
2.300000000000000000e+01
4.570000000000000000e+02
6.090000000000000000e+02
6.510000000000000000e+02
6.920000000000000000e+02
7.160000000000000000e+02
7.760000000000000000e+02
7.440000000000000000e+02
7.720000000000000000e+02
6.820000000000000000e+02
7.600000000000000000e+02
7.240000000000000000e+02
7.460000000000000000e+02
7.220000000000000000e+02
7.670000000000000000e+02
6.950000000000000000e+02
7.590000000000000000e+02
7.350000000000000000e+02
7.450000000000000000e+02
7.360000000000000000e+02
7.600000000000000000e+02
7.230000000000000000e+02
7.500000000000000000e+02
7.430000000000000000e+02
7.370000000000000000e+02
7.480000000000000000e+02
7.460000000000000000e+02
7.380000000000000000e+02
7.470000000000000000e+02
7.480000000000000000e+02
7.390000000000000000e+02
7.550000000000000000e+02
7.470000000000000000e+02
7.400000000000000000e+02
7.500000000000000000e+02
7.460000000000000000e+02
7.420000000000000000e+02
7.490000000000000000e+02
7.460000000000000000e+02
7.400000000000000000e+02
7.580000000000000000e+02
7.400000000000000000e+02
7.480000000000000000e+02
7.510000000000000000e+02
7.450000000000000000e+02
7.470000000000000000e+02
7.540000000000000000e+02
7.450000000000000000e+02
7.490000000000000000e+02
7.530000000000000000e+02
7.450000000000000000e+02
7.490000000000000000e+02
7.500000000000000000e+02
7.470000000000000000e+02
7.500000000000000000e+02
7.510000000000000000e+02
7.470000000000000000e+02
7.510000000000000000e+02
7.490000000000000000e+02
7.490000000000000000e+02
7.500000000000000000e+02
7.500000000000000000e+02
7.480000000000000000e+02
7.520000000000000000e+02
7.500000000000000000e+02
7.490000000000000000e+02
7.520000000000000000e+02
7.490000000000000000e+02
7.500000000000000000e+02
7.530000000000000000e+02
7.490000000000000000e+02
7.490000000000000000e+02
7.560000000000000000e+02
7.500000000000000000e+02
7.520000000000000000e+02
7.550000000000000000e+02
7.470000000000000000e+02
7.570000000000000000e+02
7.490000000000000000e+02
7.530000000000000000e+02
7.470000000000000000e+02
7.090000000000000000e+02
6.630000000000000000e+02
5.570000000000000000e+02
8.000000000000000000e+01
0.000000000000000000e+00
0.000000000000000000e+00
0.000000000000000000e+00
0.000000000000000000e+00
0.000000000000000000e+00
0.000000000000000000e+00
0.000000000000000000e+00
0.000000000000000000e+00
0.000000000000000000e+00
0.000000000000000000e+00
0.000000000000000000e+00
0.000000000000000000e+00
0.000000000000000000e+00
0.000000000000000000e+00
0.000000000000000000e+00
0.000000000000000000e+00
0.000000000000000000e+00
0.000000000000000000e+00
0.000000000000000000e+00
0.000000000000000000e+00
0.000000000000000000e+00
0.000000000000000000e+00
0.000000000000000000e+00
0.000000000000000000e+00
0.000000000000000000e+00
0.000000000000000000e+00
0.000000000000000000e+00
0.000000000000000000e+00
0.000000000000000000e+00
0.000000000000000000e+00
0.000000000000000000e+00
0.000000000000000000e+00
0.000000000000000000e+00
0.000000000000000000e+00
0.000000000000000000e+00
0.000000000000000000e+00
0.000000000000000000e+00
0.000000000000000000e+00
0.000000000000000000e+00
0.000000000000000000e+00
0.000000000000000000e+00
0.000000000000000000e+00
0.000000000000000000e+00
0.000000000000000000e+00
0.000000000000000000e+00
0.000000000000000000e+00
0.000000000000000000e+00
0.000000000000000000e+00
0.000000000000000000e+00
0.000000000000000000e+00
0.000000000000000000e+00
0.000000000000000000e+00
0.000000000000000000e+00
0.000000000000000000e+00
0.000000000000000000e+00
