0.000000000000000000e+00
3.000000000000000000e+00
3.000000000000000000e+00
2.000000000000000000e+00
2.000000000000000000e+00
3.000000000000000000e+00
2.000000000000000000e+00
2.000000000000000000e+00
3.000000000000000000e+00
2.000000000000000000e+00
2.000000000000000000e+00
2.000000000000000000e+00
2.000000000000000000e+00
2.000000000000000000e+00
1.000000000000000000e+00
2.000000000000000000e+00
2.000000000000000000e+00
2.000000000000000000e+00
3.000000000000000000e+00
2.000000000000000000e+00
2.000000000000000000e+00
2.000000000000000000e+00
2.000000000000000000e+00
3.000000000000000000e+00
3.000000000000000000e+00
3.000000000000000000e+00
3.000000000000000000e+00
2.000000000000000000e+00
3.000000000000000000e+00
2.000000000000000000e+00
2.000000000000000000e+00
3.000000000000000000e+00
3.000000000000000000e+00
3.000000000000000000e+00
2.000000000000000000e+00
2.000000000000000000e+00
3.000000000000000000e+00
0.000000000000000000e+00
2.360000000000000000e+02
3.900000000000000000e+02
3.520000000000000000e+02
6.160000000000000000e+02
7.420000000000000000e+02
7.560000000000000000e+02
7.830000000000000000e+02
8.230000000000000000e+02
7.820000000000000000e+02
7.520000000000000000e+02
7.750000000000000000e+02
8.180000000000000000e+02
7.530000000000000000e+02
7.590000000000000000e+02
7.710000000000000000e+02
7.690000000000000000e+02
7.670000000000000000e+02
7.690000000000000000e+02
7.700000000000000000e+02
7.770000000000000000e+02
7.680000000000000000e+02
7.780000000000000000e+02
7.720000000000000000e+02
7.760000000000000000e+02
7.740000000000000000e+02
7.780000000000000000e+02
7.780000000000000000e+02
7.750000000000000000e+02
7.790000000000000000e+02
7.780000000000000000e+02
7.770000000000000000e+02
7.770000000000000000e+02
7.810000000000000000e+02
7.790000000000000000e+02
7.780000000000000000e+02
7.790000000000000000e+02
7.830000000000000000e+02
7.790000000000000000e+02
7.810000000000000000e+02
7.800000000000000000e+02
7.840000000000000000e+02
7.790000000000000000e+02
7.840000000000000000e+02
7.820000000000000000e+02
7.810000000000000000e+02
7.840000000000000000e+02
7.840000000000000000e+02
7.810000000000000000e+02
7.850000000000000000e+02
7.830000000000000000e+02
7.830000000000000000e+02
7.830000000000000000e+02
7.840000000000000000e+02
7.840000000000000000e+02
7.840000000000000000e+02
7.840000000000000000e+02
7.840000000000000000e+02
7.840000000000000000e+02
7.840000000000000000e+02
7.840000000000000000e+02
7.840000000000000000e+02
7.850000000000000000e+02
7.840000000000000000e+02
7.840000000000000000e+02
7.850000000000000000e+02
7.840000000000000000e+02
7.850000000000000000e+02
7.840000000000000000e+02
7.860000000000000000e+02
7.840000000000000000e+02
7.860000000000000000e+02
7.840000000000000000e+02
7.860000000000000000e+02
7.870000000000000000e+02
7.850000000000000000e+02
7.860000000000000000e+02
7.870000000000000000e+02
7.870000000000000000e+02
7.860000000000000000e+02
7.870000000000000000e+02
7.870000000000000000e+02
7.860000000000000000e+02
7.880000000000000000e+02
7.860000000000000000e+02
8.020000000000000000e+02
8.120000000000000000e+02
7.740000000000000000e+02
7.670000000000000000e+02
8.900000000000000000e+01
0.000000000000000000e+00
1.000000000000000000e+00
2.000000000000000000e+00
2.000000000000000000e+00
3.000000000000000000e+00
0.000000000000000000e+00
1.000000000000000000e+00
2.000000000000000000e+00
1.000000000000000000e+00
1.000000000000000000e+00
1.000000000000000000e+00
2.000000000000000000e+00
2.000000000000000000e+00
0.000000000000000000e+00
0.000000000000000000e+00
0.000000000000000000e+00
0.000000000000000000e+00
1.000000000000000000e+00
0.000000000000000000e+00
1.000000000000000000e+00
1.000000000000000000e+00
3.000000000000000000e+00
1.000000000000000000e+00
1.000000000000000000e+00
2.000000000000000000e+00
1.000000000000000000e+00
1.000000000000000000e+00
1.000000000000000000e+00
3.000000000000000000e+00
3.000000000000000000e+00
3.000000000000000000e+00
3.000000000000000000e+00
4.000000000000000000e+00
3.000000000000000000e+00
4.000000000000000000e+00
3.000000000000000000e+00
3.000000000000000000e+00
3.000000000000000000e+00
2.000000000000000000e+00
2.000000000000000000e+00
2.000000000000000000e+00
2.000000000000000000e+00
2.000000000000000000e+00
2.000000000000000000e+00
3.000000000000000000e+00
3.000000000000000000e+00
4.000000000000000000e+00
0.000000000000000000e+00
0.000000000000000000e+00
0.000000000000000000e+00
0.000000000000000000e+00
0.000000000000000000e+00
2.700000000000000000e+01
5.080000000000000000e+02
6.810000000000000000e+02
6.410000000000000000e+02
6.190000000000000000e+02
6.490000000000000000e+02
6.750000000000000000e+02
6.450000000000000000e+02
6.490000000000000000e+02
6.660000000000000000e+02
6.510000000000000000e+02
6.550000000000000000e+02
6.790000000000000000e+02
6.580000000000000000e+02
6.610000000000000000e+02
6.780000000000000000e+02
6.770000000000000000e+02
6.590000000000000000e+02
6.730000000000000000e+02
6.620000000000000000e+02
6.530000000000000000e+02
6.790000000000000000e+02
6.780000000000000000e+02
6.730000000000000000e+02
6.750000000000000000e+02
6.600000000000000000e+02
6.630000000000000000e+02
6.770000000000000000e+02
6.850000000000000000e+02
6.660000000000000000e+02
6.640000000000000000e+02
6.680000000000000000e+02
6.730000000000000000e+02
6.790000000000000000e+02
6.640000000000000000e+02
6.680000000000000000e+02
6.810000000000000000e+02
6.770000000000000000e+02
6.670000000000000000e+02
6.790000000000000000e+02
6.770000000000000000e+02
6.620000000000000000e+02
6.780000000000000000e+02
6.800000000000000000e+02
6.740000000000000000e+02
6.820000000000000000e+02
6.780000000000000000e+02
6.700000000000000000e+02
6.820000000000000000e+02
6.780000000000000000e+02
6.680000000000000000e+02
6.790000000000000000e+02
6.760000000000000000e+02
6.680000000000000000e+02
6.830000000000000000e+02
6.810000000000000000e+02
6.710000000000000000e+02
6.820000000000000000e+02
6.830000000000000000e+02
6.780000000000000000e+02
6.750000000000000000e+02
6.760000000000000000e+02
6.750000000000000000e+02
6.840000000000000000e+02
6.830000000000000000e+02
6.830000000000000000e+02
6.730000000000000000e+02
6.730000000000000000e+02
6.770000000000000000e+02
6.440000000000000000e+02
6.400000000000000000e+02
0.000000000000000000e+00
0.000000000000000000e+00
0.000000000000000000e+00
0.000000000000000000e+00
0.000000000000000000e+00
0.000000000000000000e+00
0.000000000000000000e+00
0.000000000000000000e+00
0.000000000000000000e+00
0.000000000000000000e+00
0.000000000000000000e+00
0.000000000000000000e+00
0.000000000000000000e+00
0.000000000000000000e+00
0.000000000000000000e+00
0.000000000000000000e+00
0.000000000000000000e+00
0.000000000000000000e+00
0.000000000000000000e+00
0.000000000000000000e+00
0.000000000000000000e+00
0.000000000000000000e+00
0.000000000000000000e+00
0.000000000000000000e+00
0.000000000000000000e+00
0.000000000000000000e+00
0.000000000000000000e+00
0.000000000000000000e+00
0.000000000000000000e+00
0.000000000000000000e+00
0.000000000000000000e+00
0.000000000000000000e+00
0.000000000000000000e+00
0.000000000000000000e+00
0.000000000000000000e+00
0.000000000000000000e+00
0.000000000000000000e+00
0.000000000000000000e+00
0.000000000000000000e+00
0.000000000000000000e+00
0.000000000000000000e+00
0.000000000000000000e+00
0.000000000000000000e+00
0.000000000000000000e+00
0.000000000000000000e+00
0.000000000000000000e+00
0.000000000000000000e+00
0.000000000000000000e+00
0.000000000000000000e+00
0.000000000000000000e+00
