0.000000000000000000e+00
0.000000000000000000e+00
0.000000000000000000e+00
0.000000000000000000e+00
0.000000000000000000e+00
0.000000000000000000e+00
0.000000000000000000e+00
0.000000000000000000e+00
0.000000000000000000e+00
0.000000000000000000e+00
0.000000000000000000e+00
0.000000000000000000e+00
0.000000000000000000e+00
0.000000000000000000e+00
4.000000000000000000e+00
0.000000000000000000e+00
0.000000000000000000e+00
0.000000000000000000e+00
0.000000000000000000e+00
0.000000000000000000e+00
6.000000000000000000e+00
2.000000000000000000e+00
0.000000000000000000e+00
1.000000000000000000e+00
3.000000000000000000e+00
0.000000000000000000e+00
0.000000000000000000e+00
0.000000000000000000e+00
0.000000000000000000e+00
9.000000000000000000e+00
7.000000000000000000e+00
4.000000000000000000e+00
6.000000000000000000e+00
4.000000000000000000e+00
1.000000000000000000e+00
0.000000000000000000e+00
0.000000000000000000e+00
0.000000000000000000e+00
0.000000000000000000e+00
0.000000000000000000e+00
0.000000000000000000e+00
0.000000000000000000e+00
0.000000000000000000e+00
0.000000000000000000e+00
0.000000000000000000e+00
0.000000000000000000e+00
1.000000000000000000e+00
2.000000000000000000e+00
0.000000000000000000e+00
0.000000000000000000e+00
0.000000000000000000e+00
0.000000000000000000e+00
0.000000000000000000e+00
0.000000000000000000e+00
1.000000000000000000e+00
3.000000000000000000e+00
1.000000000000000000e+00
0.000000000000000000e+00
0.000000000000000000e+00
0.000000000000000000e+00
0.000000000000000000e+00
0.000000000000000000e+00
4.000000000000000000e+00
0.000000000000000000e+00
3.820000000000000000e+02
2.770000000000000000e+02
4.950000000000000000e+02
5.870000000000000000e+02
6.560000000000000000e+02
6.730000000000000000e+02
7.020000000000000000e+02
7.160000000000000000e+02
7.520000000000000000e+02
7.940000000000000000e+02
8.070000000000000000e+02
8.080000000000000000e+02
8.150000000000000000e+02
8.330000000000000000e+02
8.210000000000000000e+02
8.280000000000000000e+02
8.290000000000000000e+02
8.310000000000000000e+02
8.270000000000000000e+02
8.350000000000000000e+02
8.350000000000000000e+02
8.280000000000000000e+02
8.420000000000000000e+02
8.300000000000000000e+02
8.340000000000000000e+02
8.360000000000000000e+02
8.440000000000000000e+02
8.300000000000000000e+02
8.420000000000000000e+02
8.370000000000000000e+02
8.340000000000000000e+02
8.380000000000000000e+02
8.360000000000000000e+02
8.380000000000000000e+02
8.380000000000000000e+02
8.390000000000000000e+02
8.330000000000000000e+02
8.420000000000000000e+02
8.390000000000000000e+02
8.380000000000000000e+02
8.410000000000000000e+02
8.410000000000000000e+02
8.370000000000000000e+02
8.420000000000000000e+02
8.390000000000000000e+02
8.400000000000000000e+02
8.440000000000000000e+02
8.400000000000000000e+02
8.350000000000000000e+02
8.170000000000000000e+02
7.870000000000000000e+02
6.660000000000000000e+02
6.000000000000000000e+00
0.000000000000000000e+00
0.000000000000000000e+00
0.000000000000000000e+00
0.000000000000000000e+00
0.000000000000000000e+00
0.000000000000000000e+00
0.000000000000000000e+00
0.000000000000000000e+00
0.000000000000000000e+00
0.000000000000000000e+00
0.000000000000000000e+00
0.000000000000000000e+00
0.000000000000000000e+00
0.000000000000000000e+00
0.000000000000000000e+00
0.000000000000000000e+00
0.000000000000000000e+00
0.000000000000000000e+00
0.000000000000000000e+00
0.000000000000000000e+00
0.000000000000000000e+00
0.000000000000000000e+00
0.000000000000000000e+00
0.000000000000000000e+00
0.000000000000000000e+00
0.000000000000000000e+00
0.000000000000000000e+00
0.000000000000000000e+00
0.000000000000000000e+00
0.000000000000000000e+00
0.000000000000000000e+00
0.000000000000000000e+00
0.000000000000000000e+00
0.000000000000000000e+00
0.000000000000000000e+00
0.000000000000000000e+00
0.000000000000000000e+00
0.000000000000000000e+00
0.000000000000000000e+00
0.000000000000000000e+00
0.000000000000000000e+00
0.000000000000000000e+00
0.000000000000000000e+00
0.000000000000000000e+00
0.000000000000000000e+00
0.000000000000000000e+00
0.000000000000000000e+00
0.000000000000000000e+00
0.000000000000000000e+00
0.000000000000000000e+00
1.100000000000000000e+01
3.130000000000000000e+02
4.270000000000000000e+02
4.860000000000000000e+02
5.670000000000000000e+02
3.200000000000000000e+02
2.700000000000000000e+02
3.530000000000000000e+02
5.560000000000000000e+02
7.510000000000000000e+02
7.890000000000000000e+02
8.720000000000000000e+02
8.730000000000000000e+02
8.610000000000000000e+02
8.750000000000000000e+02
8.830000000000000000e+02
8.830000000000000000e+02
8.790000000000000000e+02
8.880000000000000000e+02
8.820000000000000000e+02
8.830000000000000000e+02
8.860000000000000000e+02
8.870000000000000000e+02
8.830000000000000000e+02
8.860000000000000000e+02
8.910000000000000000e+02
8.850000000000000000e+02
8.870000000000000000e+02
8.890000000000000000e+02
8.880000000000000000e+02
8.840000000000000000e+02
8.910000000000000000e+02
8.880000000000000000e+02
8.870000000000000000e+02
8.880000000000000000e+02
8.920000000000000000e+02
8.870000000000000000e+02
8.880000000000000000e+02
8.910000000000000000e+02
8.900000000000000000e+02
8.880000000000000000e+02
8.910000000000000000e+02
8.910000000000000000e+02
8.880000000000000000e+02
8.900000000000000000e+02
8.920000000000000000e+02
8.910000000000000000e+02
8.890000000000000000e+02
8.910000000000000000e+02
8.910000000000000000e+02
8.910000000000000000e+02
8.910000000000000000e+02
8.910000000000000000e+02
8.900000000000000000e+02
8.910000000000000000e+02
8.890000000000000000e+02
8.930000000000000000e+02
8.870000000000000000e+02
8.910000000000000000e+02
8.890000000000000000e+02
8.720000000000000000e+02
7.300000000000000000e+02
0.000000000000000000e+00
0.000000000000000000e+00
0.000000000000000000e+00
0.000000000000000000e+00
0.000000000000000000e+00
0.000000000000000000e+00
0.000000000000000000e+00
0.000000000000000000e+00
0.000000000000000000e+00
0.000000000000000000e+00
0.000000000000000000e+00
0.000000000000000000e+00
0.000000000000000000e+00
0.000000000000000000e+00
0.000000000000000000e+00
0.000000000000000000e+00
0.000000000000000000e+00
0.000000000000000000e+00
0.000000000000000000e+00
0.000000000000000000e+00
0.000000000000000000e+00
0.000000000000000000e+00
0.000000000000000000e+00
0.000000000000000000e+00
0.000000000000000000e+00
0.000000000000000000e+00
0.000000000000000000e+00
0.000000000000000000e+00
0.000000000000000000e+00
0.000000000000000000e+00
0.000000000000000000e+00
0.000000000000000000e+00
0.000000000000000000e+00
0.000000000000000000e+00
0.000000000000000000e+00
0.000000000000000000e+00
0.000000000000000000e+00
0.000000000000000000e+00
0.000000000000000000e+00
0.000000000000000000e+00
0.000000000000000000e+00
0.000000000000000000e+00
0.000000000000000000e+00
0.000000000000000000e+00
0.000000000000000000e+00
0.000000000000000000e+00
0.000000000000000000e+00
0.000000000000000000e+00
0.000000000000000000e+00
0.000000000000000000e+00
0.000000000000000000e+00
0.000000000000000000e+00
0.000000000000000000e+00
0.000000000000000000e+00
0.000000000000000000e+00
0.000000000000000000e+00
0.000000000000000000e+00
0.000000000000000000e+00
0.000000000000000000e+00
0.000000000000000000e+00
0.000000000000000000e+00
0.000000000000000000e+00
0.000000000000000000e+00
0.000000000000000000e+00
0.000000000000000000e+00
0.000000000000000000e+00
0.000000000000000000e+00
0.000000000000000000e+00
0.000000000000000000e+00
0.000000000000000000e+00
0.000000000000000000e+00
