0.000000000000000000e+00
1.100000000000000000e+01
2.800000000000000000e+01
2.800000000000000000e+01
1.100000000000000000e+01
2.800000000000000000e+01
2.800000000000000000e+01
1.800000000000000000e+01
2.500000000000000000e+01
2.800000000000000000e+01
3.000000000000000000e+00
2.000000000000000000e+01
2.800000000000000000e+01
2.700000000000000000e+01
2.800000000000000000e+01
2.700000000000000000e+01
2.700000000000000000e+01
3.440000000000000000e+02
0.000000000000000000e+00
4.230000000000000000e+02
6.920000000000000000e+02
7.780000000000000000e+02
8.060000000000000000e+02
7.610000000000000000e+02
7.340000000000000000e+02
7.080000000000000000e+02
6.550000000000000000e+02
6.600000000000000000e+02
7.150000000000000000e+02
6.700000000000000000e+02
6.320000000000000000e+02
6.860000000000000000e+02
6.980000000000000000e+02
6.770000000000000000e+02
6.790000000000000000e+02
6.740000000000000000e+02
6.550000000000000000e+02
6.810000000000000000e+02
6.770000000000000000e+02
6.680000000000000000e+02
6.790000000000000000e+02
6.790000000000000000e+02
6.700000000000000000e+02
6.730000000000000000e+02
6.850000000000000000e+02
6.770000000000000000e+02
6.790000000000000000e+02
6.820000000000000000e+02
6.740000000000000000e+02
6.840000000000000000e+02
6.800000000000000000e+02
6.850000000000000000e+02
6.770000000000000000e+02
6.880000000000000000e+02
6.740000000000000000e+02
6.880000000000000000e+02
6.840000000000000000e+02
6.850000000000000000e+02
6.830000000000000000e+02
6.830000000000000000e+02
6.810000000000000000e+02
6.860000000000000000e+02
6.840000000000000000e+02
6.850000000000000000e+02
6.840000000000000000e+02
6.880000000000000000e+02
6.860000000000000000e+02
6.820000000000000000e+02
6.850000000000000000e+02
6.870000000000000000e+02
6.870000000000000000e+02
6.850000000000000000e+02
6.840000000000000000e+02
6.870000000000000000e+02
6.830000000000000000e+02
6.870000000000000000e+02
6.890000000000000000e+02
6.860000000000000000e+02
6.900000000000000000e+02
6.790000000000000000e+02
6.900000000000000000e+02
6.840000000000000000e+02
6.930000000000000000e+02
6.880000000000000000e+02
6.850000000000000000e+02
6.880000000000000000e+02
6.860000000000000000e+02
6.910000000000000000e+02
6.860000000000000000e+02
6.920000000000000000e+02
6.880000000000000000e+02
6.900000000000000000e+02
6.890000000000000000e+02
6.870000000000000000e+02
6.920000000000000000e+02
6.920000000000000000e+02
6.830000000000000000e+02
6.880000000000000000e+02
6.940000000000000000e+02
6.770000000000000000e+02
6.450000000000000000e+02
6.730000000000000000e+02
6.360000000000000000e+02
1.460000000000000000e+02
1.330000000000000000e+02
0.000000000000000000e+00
0.000000000000000000e+00
3.000000000000000000e+00
3.000000000000000000e+00
0.000000000000000000e+00
0.000000000000000000e+00
0.000000000000000000e+00
0.000000000000000000e+00
0.000000000000000000e+00
3.000000000000000000e+00
1.000000000000000000e+00
0.000000000000000000e+00
0.000000000000000000e+00
0.000000000000000000e+00
3.000000000000000000e+00
0.000000000000000000e+00
0.000000000000000000e+00
0.000000000000000000e+00
1.000000000000000000e+00
0.000000000000000000e+00
0.000000000000000000e+00
0.000000000000000000e+00
1.000000000000000000e+00
0.000000000000000000e+00
0.000000000000000000e+00
0.000000000000000000e+00
0.000000000000000000e+00
0.000000000000000000e+00
0.000000000000000000e+00
0.000000000000000000e+00
0.000000000000000000e+00
0.000000000000000000e+00
0.000000000000000000e+00
0.000000000000000000e+00
0.000000000000000000e+00
0.000000000000000000e+00
0.000000000000000000e+00
0.000000000000000000e+00
0.000000000000000000e+00
0.000000000000000000e+00
0.000000000000000000e+00
0.000000000000000000e+00
0.000000000000000000e+00
0.000000000000000000e+00
0.000000000000000000e+00
0.000000000000000000e+00
0.000000000000000000e+00
0.000000000000000000e+00
0.000000000000000000e+00
0.000000000000000000e+00
0.000000000000000000e+00
0.000000000000000000e+00
0.000000000000000000e+00
0.000000000000000000e+00
0.000000000000000000e+00
0.000000000000000000e+00
0.000000000000000000e+00
0.000000000000000000e+00
0.000000000000000000e+00
8.000000000000000000e+00
1.890000000000000000e+02
4.610000000000000000e+02
5.950000000000000000e+02
6.510000000000000000e+02
6.900000000000000000e+02
6.760000000000000000e+02
6.660000000000000000e+02
6.390000000000000000e+02
6.000000000000000000e+02
5.970000000000000000e+02
5.990000000000000000e+02
6.040000000000000000e+02
6.060000000000000000e+02
6.000000000000000000e+02
5.990000000000000000e+02
5.970000000000000000e+02
6.020000000000000000e+02
6.010000000000000000e+02
5.970000000000000000e+02
6.090000000000000000e+02
6.110000000000000000e+02
5.830000000000000000e+02
5.900000000000000000e+02
6.090000000000000000e+02
6.280000000000000000e+02
6.150000000000000000e+02
5.870000000000000000e+02
5.850000000000000000e+02
6.170000000000000000e+02
6.100000000000000000e+02
6.060000000000000000e+02
6.130000000000000000e+02
6.140000000000000000e+02
6.100000000000000000e+02
6.090000000000000000e+02
6.040000000000000000e+02
6.090000000000000000e+02
6.150000000000000000e+02
6.010000000000000000e+02
6.010000000000000000e+02
6.280000000000000000e+02
6.220000000000000000e+02
5.950000000000000000e+02
6.020000000000000000e+02
6.160000000000000000e+02
6.170000000000000000e+02
6.110000000000000000e+02
6.140000000000000000e+02
6.160000000000000000e+02
6.140000000000000000e+02
5.870000000000000000e+02
6.010000000000000000e+02
6.290000000000000000e+02
6.180000000000000000e+02
6.080000000000000000e+02
6.090000000000000000e+02
6.140000000000000000e+02
6.100000000000000000e+02
6.160000000000000000e+02
6.200000000000000000e+02
6.280000000000000000e+02
6.110000000000000000e+02
5.990000000000000000e+02
6.160000000000000000e+02
6.160000000000000000e+02
6.160000000000000000e+02
6.090000000000000000e+02
6.150000000000000000e+02
6.190000000000000000e+02
6.160000000000000000e+02
6.150000000000000000e+02
6.170000000000000000e+02
6.110000000000000000e+02
6.140000000000000000e+02
6.240000000000000000e+02
6.150000000000000000e+02
5.810000000000000000e+02
6.390000000000000000e+02
5.640000000000000000e+02
5.860000000000000000e+02
1.750000000000000000e+02
0.000000000000000000e+00
0.000000000000000000e+00
0.000000000000000000e+00
0.000000000000000000e+00
0.000000000000000000e+00
0.000000000000000000e+00
0.000000000000000000e+00
0.000000000000000000e+00
0.000000000000000000e+00
0.000000000000000000e+00
0.000000000000000000e+00
0.000000000000000000e+00
0.000000000000000000e+00
0.000000000000000000e+00
0.000000000000000000e+00
0.000000000000000000e+00
0.000000000000000000e+00
0.000000000000000000e+00
0.000000000000000000e+00
0.000000000000000000e+00
0.000000000000000000e+00
0.000000000000000000e+00
0.000000000000000000e+00
0.000000000000000000e+00
0.000000000000000000e+00
0.000000000000000000e+00
0.000000000000000000e+00
0.000000000000000000e+00
0.000000000000000000e+00
0.000000000000000000e+00
0.000000000000000000e+00
0.000000000000000000e+00
0.000000000000000000e+00
0.000000000000000000e+00
0.000000000000000000e+00
0.000000000000000000e+00
0.000000000000000000e+00
0.000000000000000000e+00
0.000000000000000000e+00
0.000000000000000000e+00
0.000000000000000000e+00
0.000000000000000000e+00
0.000000000000000000e+00
0.000000000000000000e+00
0.000000000000000000e+00
0.000000000000000000e+00
0.000000000000000000e+00
0.000000000000000000e+00
0.000000000000000000e+00
0.000000000000000000e+00
0.000000000000000000e+00
0.000000000000000000e+00
0.000000000000000000e+00
0.000000000000000000e+00
