0.000000000000000000e+00
0.000000000000000000e+00
0.000000000000000000e+00
0.000000000000000000e+00
0.000000000000000000e+00
0.000000000000000000e+00
0.000000000000000000e+00
0.000000000000000000e+00
0.000000000000000000e+00
0.000000000000000000e+00
0.000000000000000000e+00
0.000000000000000000e+00
0.000000000000000000e+00
0.000000000000000000e+00
0.000000000000000000e+00
0.000000000000000000e+00
0.000000000000000000e+00
0.000000000000000000e+00
0.000000000000000000e+00
0.000000000000000000e+00
0.000000000000000000e+00
0.000000000000000000e+00
0.000000000000000000e+00
0.000000000000000000e+00
0.000000000000000000e+00
0.000000000000000000e+00
0.000000000000000000e+00
0.000000000000000000e+00
0.000000000000000000e+00
0.000000000000000000e+00
0.000000000000000000e+00
0.000000000000000000e+00
0.000000000000000000e+00
0.000000000000000000e+00
0.000000000000000000e+00
0.000000000000000000e+00
0.000000000000000000e+00
0.000000000000000000e+00
0.000000000000000000e+00
0.000000000000000000e+00
0.000000000000000000e+00
0.000000000000000000e+00
0.000000000000000000e+00
0.000000000000000000e+00
0.000000000000000000e+00
0.000000000000000000e+00
0.000000000000000000e+00
3.680000000000000000e+02
5.140000000000000000e+02
5.460000000000000000e+02
5.920000000000000000e+02
6.210000000000000000e+02
7.460000000000000000e+02
6.890000000000000000e+02
7.460000000000000000e+02
6.790000000000000000e+02
6.860000000000000000e+02
7.220000000000000000e+02
6.750000000000000000e+02
6.500000000000000000e+02
6.540000000000000000e+02
6.900000000000000000e+02
6.980000000000000000e+02
6.620000000000000000e+02
6.790000000000000000e+02
7.050000000000000000e+02
6.860000000000000000e+02
6.770000000000000000e+02
6.990000000000000000e+02
7.030000000000000000e+02
6.800000000000000000e+02
6.890000000000000000e+02
7.020000000000000000e+02
6.870000000000000000e+02
6.830000000000000000e+02
6.940000000000000000e+02
6.920000000000000000e+02
6.880000000000000000e+02
6.990000000000000000e+02
6.900000000000000000e+02
7.010000000000000000e+02
6.900000000000000000e+02
6.900000000000000000e+02
7.020000000000000000e+02
7.000000000000000000e+02
6.880000000000000000e+02
7.010000000000000000e+02
7.030000000000000000e+02
6.900000000000000000e+02
7.020000000000000000e+02
7.030000000000000000e+02
6.910000000000000000e+02
7.020000000000000000e+02
7.040000000000000000e+02
6.950000000000000000e+02
7.020000000000000000e+02
7.050000000000000000e+02
7.030000000000000000e+02
7.020000000000000000e+02
7.090000000000000000e+02
7.030000000000000000e+02
7.030000000000000000e+02
7.090000000000000000e+02
7.040000000000000000e+02
7.040000000000000000e+02
7.100000000000000000e+02
7.040000000000000000e+02
7.050000000000000000e+02
7.100000000000000000e+02
7.050000000000000000e+02
7.050000000000000000e+02
7.110000000000000000e+02
7.060000000000000000e+02
7.060000000000000000e+02
7.120000000000000000e+02
7.050000000000000000e+02
7.050000000000000000e+02
7.160000000000000000e+02
7.040000000000000000e+02
7.050000000000000000e+02
7.070000000000000000e+02
7.080000000000000000e+02
6.950000000000000000e+02
7.130000000000000000e+02
7.050000000000000000e+02
7.050000000000000000e+02
7.100000000000000000e+02
7.130000000000000000e+02
7.040000000000000000e+02
7.110000000000000000e+02
7.140000000000000000e+02
6.990000000000000000e+02
6.480000000000000000e+02
7.140000000000000000e+02
6.310000000000000000e+02
2.850000000000000000e+02
0.000000000000000000e+00
0.000000000000000000e+00
0.000000000000000000e+00
0.000000000000000000e+00
0.000000000000000000e+00
0.000000000000000000e+00
0.000000000000000000e+00
0.000000000000000000e+00
0.000000000000000000e+00
0.000000000000000000e+00
0.000000000000000000e+00
0.000000000000000000e+00
0.000000000000000000e+00
0.000000000000000000e+00
0.000000000000000000e+00
0.000000000000000000e+00
0.000000000000000000e+00
0.000000000000000000e+00
0.000000000000000000e+00
0.000000000000000000e+00
0.000000000000000000e+00
0.000000000000000000e+00
0.000000000000000000e+00
0.000000000000000000e+00
0.000000000000000000e+00
0.000000000000000000e+00
0.000000000000000000e+00
0.000000000000000000e+00
0.000000000000000000e+00
0.000000000000000000e+00
0.000000000000000000e+00
0.000000000000000000e+00
0.000000000000000000e+00
0.000000000000000000e+00
0.000000000000000000e+00
0.000000000000000000e+00
0.000000000000000000e+00
0.000000000000000000e+00
0.000000000000000000e+00
0.000000000000000000e+00
9.000000000000000000e+00
3.000000000000000000e+00
4.450000000000000000e+02
5.100000000000000000e+02
5.900000000000000000e+02
6.880000000000000000e+02
7.650000000000000000e+02
6.840000000000000000e+02
7.430000000000000000e+02
7.700000000000000000e+02
7.430000000000000000e+02
7.020000000000000000e+02
7.480000000000000000e+02
7.340000000000000000e+02
6.880000000000000000e+02
7.560000000000000000e+02
7.390000000000000000e+02
7.100000000000000000e+02
7.540000000000000000e+02
7.470000000000000000e+02
7.200000000000000000e+02
7.550000000000000000e+02
7.470000000000000000e+02
7.280000000000000000e+02
7.530000000000000000e+02
7.500000000000000000e+02
7.380000000000000000e+02
7.530000000000000000e+02
7.530000000000000000e+02
7.420000000000000000e+02
7.570000000000000000e+02
7.530000000000000000e+02
7.440000000000000000e+02
7.580000000000000000e+02
7.540000000000000000e+02
7.500000000000000000e+02
7.580000000000000000e+02
7.560000000000000000e+02
7.530000000000000000e+02
7.600000000000000000e+02
7.560000000000000000e+02
7.520000000000000000e+02
7.610000000000000000e+02
7.580000000000000000e+02
7.530000000000000000e+02
7.590000000000000000e+02
7.580000000000000000e+02
7.570000000000000000e+02
7.610000000000000000e+02
7.590000000000000000e+02
7.590000000000000000e+02
7.610000000000000000e+02
7.600000000000000000e+02
7.580000000000000000e+02
7.620000000000000000e+02
7.600000000000000000e+02
7.600000000000000000e+02
7.610000000000000000e+02
7.610000000000000000e+02
7.610000000000000000e+02
7.630000000000000000e+02
7.610000000000000000e+02
7.610000000000000000e+02
7.630000000000000000e+02
7.620000000000000000e+02
7.610000000000000000e+02
7.620000000000000000e+02
7.630000000000000000e+02
7.630000000000000000e+02
7.620000000000000000e+02
7.630000000000000000e+02
7.630000000000000000e+02
7.630000000000000000e+02
7.640000000000000000e+02
7.620000000000000000e+02
7.630000000000000000e+02
7.070000000000000000e+02
7.390000000000000000e+02
3.400000000000000000e+02
2.800000000000000000e+01
0.000000000000000000e+00
0.000000000000000000e+00
0.000000000000000000e+00
0.000000000000000000e+00
0.000000000000000000e+00
0.000000000000000000e+00
0.000000000000000000e+00
0.000000000000000000e+00
0.000000000000000000e+00
0.000000000000000000e+00
0.000000000000000000e+00
0.000000000000000000e+00
0.000000000000000000e+00
0.000000000000000000e+00
0.000000000000000000e+00
0.000000000000000000e+00
0.000000000000000000e+00
0.000000000000000000e+00
0.000000000000000000e+00
0.000000000000000000e+00
0.000000000000000000e+00
0.000000000000000000e+00
0.000000000000000000e+00
0.000000000000000000e+00
0.000000000000000000e+00
0.000000000000000000e+00
0.000000000000000000e+00
0.000000000000000000e+00
0.000000000000000000e+00
0.000000000000000000e+00
0.000000000000000000e+00
0.000000000000000000e+00
0.000000000000000000e+00
0.000000000000000000e+00
0.000000000000000000e+00
0.000000000000000000e+00
0.000000000000000000e+00
0.000000000000000000e+00
0.000000000000000000e+00
0.000000000000000000e+00
0.000000000000000000e+00
0.000000000000000000e+00
0.000000000000000000e+00
0.000000000000000000e+00
