0.000000000000000000e+00
0.000000000000000000e+00
0.000000000000000000e+00
0.000000000000000000e+00
0.000000000000000000e+00
0.000000000000000000e+00
0.000000000000000000e+00
0.000000000000000000e+00
0.000000000000000000e+00
0.000000000000000000e+00
0.000000000000000000e+00
0.000000000000000000e+00
0.000000000000000000e+00
0.000000000000000000e+00
0.000000000000000000e+00
0.000000000000000000e+00
0.000000000000000000e+00
0.000000000000000000e+00
0.000000000000000000e+00
0.000000000000000000e+00
0.000000000000000000e+00
0.000000000000000000e+00
0.000000000000000000e+00
0.000000000000000000e+00
0.000000000000000000e+00
0.000000000000000000e+00
0.000000000000000000e+00
0.000000000000000000e+00
0.000000000000000000e+00
0.000000000000000000e+00
0.000000000000000000e+00
0.000000000000000000e+00
0.000000000000000000e+00
0.000000000000000000e+00
0.000000000000000000e+00
0.000000000000000000e+00
0.000000000000000000e+00
0.000000000000000000e+00
0.000000000000000000e+00
0.000000000000000000e+00
0.000000000000000000e+00
0.000000000000000000e+00
0.000000000000000000e+00
0.000000000000000000e+00
0.000000000000000000e+00
0.000000000000000000e+00
0.000000000000000000e+00
0.000000000000000000e+00
1.190000000000000000e+02
2.640000000000000000e+02
3.220000000000000000e+02
5.310000000000000000e+02
6.150000000000000000e+02
6.620000000000000000e+02
6.850000000000000000e+02
6.960000000000000000e+02
7.250000000000000000e+02
7.370000000000000000e+02
7.490000000000000000e+02
7.560000000000000000e+02
7.680000000000000000e+02
7.770000000000000000e+02
7.740000000000000000e+02
7.680000000000000000e+02
7.650000000000000000e+02
7.140000000000000000e+02
7.380000000000000000e+02
7.570000000000000000e+02
7.220000000000000000e+02
7.050000000000000000e+02
7.100000000000000000e+02
7.270000000000000000e+02
6.610000000000000000e+02
7.130000000000000000e+02
7.090000000000000000e+02
6.800000000000000000e+02
7.190000000000000000e+02
7.070000000000000000e+02
7.170000000000000000e+02
6.800000000000000000e+02
7.250000000000000000e+02
7.040000000000000000e+02
7.060000000000000000e+02
7.140000000000000000e+02
7.120000000000000000e+02
7.140000000000000000e+02
7.020000000000000000e+02
7.210000000000000000e+02
7.020000000000000000e+02
7.130000000000000000e+02
7.120000000000000000e+02
7.140000000000000000e+02
7.080000000000000000e+02
7.140000000000000000e+02
7.160000000000000000e+02
7.060000000000000000e+02
7.160000000000000000e+02
7.130000000000000000e+02
7.160000000000000000e+02
7.090000000000000000e+02
7.170000000000000000e+02
7.090000000000000000e+02
7.140000000000000000e+02
7.150000000000000000e+02
7.140000000000000000e+02
7.140000000000000000e+02
7.150000000000000000e+02
7.160000000000000000e+02
7.150000000000000000e+02
7.140000000000000000e+02
7.150000000000000000e+02
7.160000000000000000e+02
7.150000000000000000e+02
7.160000000000000000e+02
7.170000000000000000e+02
7.160000000000000000e+02
7.170000000000000000e+02
7.150000000000000000e+02
7.180000000000000000e+02
7.140000000000000000e+02
7.180000000000000000e+02
7.140000000000000000e+02
7.180000000000000000e+02
7.150000000000000000e+02
7.170000000000000000e+02
7.170000000000000000e+02
7.170000000000000000e+02
7.170000000000000000e+02
7.180000000000000000e+02
7.180000000000000000e+02
7.170000000000000000e+02
7.160000000000000000e+02
7.180000000000000000e+02
7.180000000000000000e+02
7.170000000000000000e+02
7.190000000000000000e+02
7.320000000000000000e+02
7.280000000000000000e+02
7.360000000000000000e+02
7.200000000000000000e+02
7.190000000000000000e+02
7.030000000000000000e+02
3.870000000000000000e+02
0.000000000000000000e+00
3.000000000000000000e+01
5.000000000000000000e+00
0.000000000000000000e+00
0.000000000000000000e+00
0.000000000000000000e+00
0.000000000000000000e+00
0.000000000000000000e+00
0.000000000000000000e+00
0.000000000000000000e+00
0.000000000000000000e+00
0.000000000000000000e+00
0.000000000000000000e+00
0.000000000000000000e+00
0.000000000000000000e+00
0.000000000000000000e+00
0.000000000000000000e+00
0.000000000000000000e+00
0.000000000000000000e+00
0.000000000000000000e+00
0.000000000000000000e+00
0.000000000000000000e+00
0.000000000000000000e+00
0.000000000000000000e+00
0.000000000000000000e+00
0.000000000000000000e+00
0.000000000000000000e+00
0.000000000000000000e+00
0.000000000000000000e+00
0.000000000000000000e+00
0.000000000000000000e+00
0.000000000000000000e+00
0.000000000000000000e+00
0.000000000000000000e+00
0.000000000000000000e+00
0.000000000000000000e+00
0.000000000000000000e+00
0.000000000000000000e+00
0.000000000000000000e+00
0.000000000000000000e+00
0.000000000000000000e+00
0.000000000000000000e+00
0.000000000000000000e+00
0.000000000000000000e+00
0.000000000000000000e+00
0.000000000000000000e+00
0.000000000000000000e+00
0.000000000000000000e+00
0.000000000000000000e+00
0.000000000000000000e+00
0.000000000000000000e+00
0.000000000000000000e+00
0.000000000000000000e+00
0.000000000000000000e+00
0.000000000000000000e+00
0.000000000000000000e+00
0.000000000000000000e+00
0.000000000000000000e+00
0.000000000000000000e+00
0.000000000000000000e+00
0.000000000000000000e+00
0.000000000000000000e+00
0.000000000000000000e+00
0.000000000000000000e+00
0.000000000000000000e+00
0.000000000000000000e+00
0.000000000000000000e+00
0.000000000000000000e+00
0.000000000000000000e+00
0.000000000000000000e+00
0.000000000000000000e+00
2.730000000000000000e+02
5.000000000000000000e+00
5.280000000000000000e+02
6.840000000000000000e+02
7.230000000000000000e+02
7.470000000000000000e+02
7.650000000000000000e+02
7.830000000000000000e+02
7.780000000000000000e+02
7.820000000000000000e+02
7.690000000000000000e+02
7.800000000000000000e+02
7.730000000000000000e+02
7.730000000000000000e+02
7.600000000000000000e+02
7.510000000000000000e+02
7.630000000000000000e+02
7.530000000000000000e+02
7.590000000000000000e+02
7.580000000000000000e+02
7.620000000000000000e+02
7.580000000000000000e+02
7.590000000000000000e+02
7.650000000000000000e+02
7.580000000000000000e+02
7.630000000000000000e+02
7.580000000000000000e+02
7.660000000000000000e+02
7.580000000000000000e+02
7.650000000000000000e+02
7.620000000000000000e+02
7.620000000000000000e+02
7.550000000000000000e+02
7.660000000000000000e+02
7.640000000000000000e+02
7.640000000000000000e+02
7.620000000000000000e+02
7.680000000000000000e+02
7.640000000000000000e+02
7.620000000000000000e+02
7.690000000000000000e+02
7.640000000000000000e+02
7.660000000000000000e+02
7.630000000000000000e+02
7.700000000000000000e+02
7.630000000000000000e+02
7.670000000000000000e+02
7.670000000000000000e+02
7.660000000000000000e+02
7.650000000000000000e+02
7.680000000000000000e+02
7.670000000000000000e+02
7.640000000000000000e+02
7.690000000000000000e+02
7.680000000000000000e+02
7.660000000000000000e+02
7.640000000000000000e+02
7.690000000000000000e+02
7.660000000000000000e+02
7.670000000000000000e+02
7.660000000000000000e+02
7.690000000000000000e+02
7.650000000000000000e+02
7.690000000000000000e+02
7.660000000000000000e+02
7.680000000000000000e+02
7.620000000000000000e+02
7.590000000000000000e+02
7.550000000000000000e+02
6.610000000000000000e+02
1.310000000000000000e+02
0.000000000000000000e+00
0.000000000000000000e+00
1.800000000000000000e+01
0.000000000000000000e+00
0.000000000000000000e+00
0.000000000000000000e+00
6.000000000000000000e+00
0.000000000000000000e+00
1.400000000000000000e+01
0.000000000000000000e+00
0.000000000000000000e+00
0.000000000000000000e+00
0.000000000000000000e+00
0.000000000000000000e+00
0.000000000000000000e+00
