0.000000000000000000e+00
0.000000000000000000e+00
0.000000000000000000e+00
0.000000000000000000e+00
0.000000000000000000e+00
0.000000000000000000e+00
0.000000000000000000e+00
0.000000000000000000e+00
0.000000000000000000e+00
0.000000000000000000e+00
0.000000000000000000e+00
0.000000000000000000e+00
0.000000000000000000e+00
0.000000000000000000e+00
0.000000000000000000e+00
0.000000000000000000e+00
0.000000000000000000e+00
0.000000000000000000e+00
0.000000000000000000e+00
0.000000000000000000e+00
0.000000000000000000e+00
0.000000000000000000e+00
0.000000000000000000e+00
0.000000000000000000e+00
0.000000000000000000e+00
0.000000000000000000e+00
0.000000000000000000e+00
0.000000000000000000e+00
1.220000000000000000e+02
0.000000000000000000e+00
1.210000000000000000e+02
4.440000000000000000e+02
5.060000000000000000e+02
5.300000000000000000e+02
5.450000000000000000e+02
5.510000000000000000e+02
5.610000000000000000e+02
5.730000000000000000e+02
6.300000000000000000e+02
6.530000000000000000e+02
6.600000000000000000e+02
6.860000000000000000e+02
6.680000000000000000e+02
6.570000000000000000e+02
7.110000000000000000e+02
7.000000000000000000e+02
7.120000000000000000e+02
6.660000000000000000e+02
7.220000000000000000e+02
7.020000000000000000e+02
6.990000000000000000e+02
7.150000000000000000e+02
7.110000000000000000e+02
7.160000000000000000e+02
7.010000000000000000e+02
7.250000000000000000e+02
7.110000000000000000e+02
7.130000000000000000e+02
7.200000000000000000e+02
7.160000000000000000e+02
7.210000000000000000e+02
7.120000000000000000e+02
7.240000000000000000e+02
7.180000000000000000e+02
7.190000000000000000e+02
7.190000000000000000e+02
7.240000000000000000e+02
7.200000000000000000e+02
7.190000000000000000e+02
7.290000000000000000e+02
7.220000000000000000e+02
7.230000000000000000e+02
7.260000000000000000e+02
7.250000000000000000e+02
7.210000000000000000e+02
7.240000000000000000e+02
7.260000000000000000e+02
7.220000000000000000e+02
7.250000000000000000e+02
7.220000000000000000e+02
7.260000000000000000e+02
7.240000000000000000e+02
7.270000000000000000e+02
7.260000000000000000e+02
7.270000000000000000e+02
7.270000000000000000e+02
7.270000000000000000e+02
7.280000000000000000e+02
7.280000000000000000e+02
7.280000000000000000e+02
7.290000000000000000e+02
7.290000000000000000e+02
7.300000000000000000e+02
7.300000000000000000e+02
7.330000000000000000e+02
7.320000000000000000e+02
7.330000000000000000e+02
7.310000000000000000e+02
7.330000000000000000e+02
7.330000000000000000e+02
7.320000000000000000e+02
7.350000000000000000e+02
7.330000000000000000e+02
7.360000000000000000e+02
7.330000000000000000e+02
7.380000000000000000e+02
7.340000000000000000e+02
7.360000000000000000e+02
7.360000000000000000e+02
7.370000000000000000e+02
7.370000000000000000e+02
7.370000000000000000e+02
7.370000000000000000e+02
7.350000000000000000e+02
7.380000000000000000e+02
7.360000000000000000e+02
7.370000000000000000e+02
7.380000000000000000e+02
7.380000000000000000e+02
7.370000000000000000e+02
7.370000000000000000e+02
7.360000000000000000e+02
7.490000000000000000e+02
7.190000000000000000e+02
6.080000000000000000e+02
2.150000000000000000e+02
0.000000000000000000e+00
0.000000000000000000e+00
0.000000000000000000e+00
0.000000000000000000e+00
0.000000000000000000e+00
0.000000000000000000e+00
0.000000000000000000e+00
0.000000000000000000e+00
0.000000000000000000e+00
0.000000000000000000e+00
0.000000000000000000e+00
0.000000000000000000e+00
0.000000000000000000e+00
0.000000000000000000e+00
0.000000000000000000e+00
0.000000000000000000e+00
0.000000000000000000e+00
0.000000000000000000e+00
0.000000000000000000e+00
0.000000000000000000e+00
0.000000000000000000e+00
0.000000000000000000e+00
0.000000000000000000e+00
0.000000000000000000e+00
0.000000000000000000e+00
0.000000000000000000e+00
0.000000000000000000e+00
0.000000000000000000e+00
0.000000000000000000e+00
0.000000000000000000e+00
0.000000000000000000e+00
0.000000000000000000e+00
0.000000000000000000e+00
0.000000000000000000e+00
0.000000000000000000e+00
0.000000000000000000e+00
0.000000000000000000e+00
0.000000000000000000e+00
0.000000000000000000e+00
0.000000000000000000e+00
0.000000000000000000e+00
0.000000000000000000e+00
0.000000000000000000e+00
0.000000000000000000e+00
0.000000000000000000e+00
0.000000000000000000e+00
0.000000000000000000e+00
0.000000000000000000e+00
0.000000000000000000e+00
0.000000000000000000e+00
0.000000000000000000e+00
1.290000000000000000e+02
3.890000000000000000e+02
5.130000000000000000e+02
4.990000000000000000e+02
3.400000000000000000e+02
2.360000000000000000e+02
3.380000000000000000e+02
4.760000000000000000e+02
4.790000000000000000e+02
4.680000000000000000e+02
5.080000000000000000e+02
4.900000000000000000e+02
5.070000000000000000e+02
4.960000000000000000e+02
4.850000000000000000e+02
4.940000000000000000e+02
5.250000000000000000e+02
4.810000000000000000e+02
5.100000000000000000e+02
5.320000000000000000e+02
4.890000000000000000e+02
5.060000000000000000e+02
5.380000000000000000e+02
4.940000000000000000e+02
5.060000000000000000e+02
5.430000000000000000e+02
4.940000000000000000e+02
5.090000000000000000e+02
5.340000000000000000e+02
5.170000000000000000e+02
5.070000000000000000e+02
5.380000000000000000e+02
5.320000000000000000e+02
5.090000000000000000e+02
5.480000000000000000e+02
5.360000000000000000e+02
5.090000000000000000e+02
5.430000000000000000e+02
5.140000000000000000e+02
5.130000000000000000e+02
5.490000000000000000e+02
5.300000000000000000e+02
5.050000000000000000e+02
5.440000000000000000e+02
5.510000000000000000e+02
5.010000000000000000e+02
5.320000000000000000e+02
5.460000000000000000e+02
5.230000000000000000e+02
5.120000000000000000e+02
5.600000000000000000e+02
5.350000000000000000e+02
5.150000000000000000e+02
5.430000000000000000e+02
5.420000000000000000e+02
5.150000000000000000e+02
5.470000000000000000e+02
5.460000000000000000e+02
5.240000000000000000e+02
5.560000000000000000e+02
5.390000000000000000e+02
5.100000000000000000e+02
5.530000000000000000e+02
5.470000000000000000e+02
5.190000000000000000e+02
5.450000000000000000e+02
5.550000000000000000e+02
5.230000000000000000e+02
5.280000000000000000e+02
5.510000000000000000e+02
5.530000000000000000e+02
5.360000000000000000e+02
5.240000000000000000e+02
5.500000000000000000e+02
5.450000000000000000e+02
5.260000000000000000e+02
5.470000000000000000e+02
5.450000000000000000e+02
5.510000000000000000e+02
5.450000000000000000e+02
5.430000000000000000e+02
5.480000000000000000e+02
5.480000000000000000e+02
5.370000000000000000e+02
5.550000000000000000e+02
5.710000000000000000e+02
5.530000000000000000e+02
5.060000000000000000e+02
0.000000000000000000e+00
0.000000000000000000e+00
0.000000000000000000e+00
0.000000000000000000e+00
0.000000000000000000e+00
0.000000000000000000e+00
0.000000000000000000e+00
0.000000000000000000e+00
0.000000000000000000e+00
0.000000000000000000e+00
0.000000000000000000e+00
0.000000000000000000e+00
0.000000000000000000e+00
0.000000000000000000e+00
0.000000000000000000e+00
0.000000000000000000e+00
0.000000000000000000e+00
0.000000000000000000e+00
0.000000000000000000e+00
0.000000000000000000e+00
0.000000000000000000e+00
0.000000000000000000e+00
0.000000000000000000e+00
0.000000000000000000e+00
0.000000000000000000e+00
0.000000000000000000e+00
0.000000000000000000e+00
0.000000000000000000e+00
0.000000000000000000e+00
0.000000000000000000e+00
0.000000000000000000e+00
0.000000000000000000e+00
0.000000000000000000e+00
0.000000000000000000e+00
0.000000000000000000e+00
