0.000000000000000000e+00
0.000000000000000000e+00
0.000000000000000000e+00
0.000000000000000000e+00
0.000000000000000000e+00
0.000000000000000000e+00
0.000000000000000000e+00
0.000000000000000000e+00
0.000000000000000000e+00
0.000000000000000000e+00
0.000000000000000000e+00
0.000000000000000000e+00
0.000000000000000000e+00
0.000000000000000000e+00
0.000000000000000000e+00
0.000000000000000000e+00
0.000000000000000000e+00
0.000000000000000000e+00
0.000000000000000000e+00
0.000000000000000000e+00
0.000000000000000000e+00
0.000000000000000000e+00
0.000000000000000000e+00
0.000000000000000000e+00
0.000000000000000000e+00
0.000000000000000000e+00
0.000000000000000000e+00
0.000000000000000000e+00
0.000000000000000000e+00
0.000000000000000000e+00
0.000000000000000000e+00
0.000000000000000000e+00
0.000000000000000000e+00
0.000000000000000000e+00
2.000000000000000000e+02
3.530000000000000000e+02
4.840000000000000000e+02
5.540000000000000000e+02
6.310000000000000000e+02
6.510000000000000000e+02
6.310000000000000000e+02
5.800000000000000000e+02
6.440000000000000000e+02
6.160000000000000000e+02
6.730000000000000000e+02
6.140000000000000000e+02
6.640000000000000000e+02
6.170000000000000000e+02
6.670000000000000000e+02
6.500000000000000000e+02
6.740000000000000000e+02
6.470000000000000000e+02
6.750000000000000000e+02
6.560000000000000000e+02
6.730000000000000000e+02
6.710000000000000000e+02
6.760000000000000000e+02
6.710000000000000000e+02
6.870000000000000000e+02
6.750000000000000000e+02
6.810000000000000000e+02
6.830000000000000000e+02
6.830000000000000000e+02
6.810000000000000000e+02
6.890000000000000000e+02
6.840000000000000000e+02
6.890000000000000000e+02
6.880000000000000000e+02
6.880000000000000000e+02
6.850000000000000000e+02
6.930000000000000000e+02
6.860000000000000000e+02
6.900000000000000000e+02
6.910000000000000000e+02
6.920000000000000000e+02
6.930000000000000000e+02
6.950000000000000000e+02
6.900000000000000000e+02
6.900000000000000000e+02
6.950000000000000000e+02
6.910000000000000000e+02
6.940000000000000000e+02
6.940000000000000000e+02
6.940000000000000000e+02
6.950000000000000000e+02
6.940000000000000000e+02
6.970000000000000000e+02
6.970000000000000000e+02
6.940000000000000000e+02
6.960000000000000000e+02
6.950000000000000000e+02
6.950000000000000000e+02
6.950000000000000000e+02
6.970000000000000000e+02
6.950000000000000000e+02
6.970000000000000000e+02
6.980000000000000000e+02
6.960000000000000000e+02
6.970000000000000000e+02
6.980000000000000000e+02
6.950000000000000000e+02
6.980000000000000000e+02
6.970000000000000000e+02
6.930000000000000000e+02
6.980000000000000000e+02
6.980000000000000000e+02
6.970000000000000000e+02
6.980000000000000000e+02
6.990000000000000000e+02
6.940000000000000000e+02
6.990000000000000000e+02
7.000000000000000000e+02
6.970000000000000000e+02
6.990000000000000000e+02
6.980000000000000000e+02
7.000000000000000000e+02
6.970000000000000000e+02
7.040000000000000000e+02
6.990000000000000000e+02
7.040000000000000000e+02
7.010000000000000000e+02
6.910000000000000000e+02
6.750000000000000000e+02
5.530000000000000000e+02
5.390000000000000000e+02
5.500000000000000000e+02
9.500000000000000000e+01
0.000000000000000000e+00
0.000000000000000000e+00
0.000000000000000000e+00
0.000000000000000000e+00
0.000000000000000000e+00
0.000000000000000000e+00
0.000000000000000000e+00
0.000000000000000000e+00
0.000000000000000000e+00
0.000000000000000000e+00
0.000000000000000000e+00
0.000000000000000000e+00
0.000000000000000000e+00
0.000000000000000000e+00
0.000000000000000000e+00
0.000000000000000000e+00
0.000000000000000000e+00
0.000000000000000000e+00
0.000000000000000000e+00
0.000000000000000000e+00
0.000000000000000000e+00
0.000000000000000000e+00
0.000000000000000000e+00
0.000000000000000000e+00
0.000000000000000000e+00
0.000000000000000000e+00
0.000000000000000000e+00
0.000000000000000000e+00
0.000000000000000000e+00
0.000000000000000000e+00
0.000000000000000000e+00
0.000000000000000000e+00
0.000000000000000000e+00
0.000000000000000000e+00
0.000000000000000000e+00
0.000000000000000000e+00
0.000000000000000000e+00
0.000000000000000000e+00
0.000000000000000000e+00
0.000000000000000000e+00
0.000000000000000000e+00
0.000000000000000000e+00
0.000000000000000000e+00
0.000000000000000000e+00
0.000000000000000000e+00
0.000000000000000000e+00
0.000000000000000000e+00
0.000000000000000000e+00
0.000000000000000000e+00
0.000000000000000000e+00
0.000000000000000000e+00
5.500000000000000000e+01
3.650000000000000000e+02
6.080000000000000000e+02
6.660000000000000000e+02
7.290000000000000000e+02
7.390000000000000000e+02
7.360000000000000000e+02
7.270000000000000000e+02
7.400000000000000000e+02
7.510000000000000000e+02
7.300000000000000000e+02
7.440000000000000000e+02
7.500000000000000000e+02
7.520000000000000000e+02
7.630000000000000000e+02
7.580000000000000000e+02
7.550000000000000000e+02
7.590000000000000000e+02
7.610000000000000000e+02
7.650000000000000000e+02
7.670000000000000000e+02
7.670000000000000000e+02
7.700000000000000000e+02
7.680000000000000000e+02
7.710000000000000000e+02
7.730000000000000000e+02
7.750000000000000000e+02
7.720000000000000000e+02
7.760000000000000000e+02
7.760000000000000000e+02
7.770000000000000000e+02
7.770000000000000000e+02
7.770000000000000000e+02
7.790000000000000000e+02
7.770000000000000000e+02
7.800000000000000000e+02
7.790000000000000000e+02
7.790000000000000000e+02
7.810000000000000000e+02
7.780000000000000000e+02
7.800000000000000000e+02
7.800000000000000000e+02
7.830000000000000000e+02
7.800000000000000000e+02
7.810000000000000000e+02
7.860000000000000000e+02
7.800000000000000000e+02
7.850000000000000000e+02
7.850000000000000000e+02
7.860000000000000000e+02
7.810000000000000000e+02
7.860000000000000000e+02
7.830000000000000000e+02
7.870000000000000000e+02
7.850000000000000000e+02
7.870000000000000000e+02
7.870000000000000000e+02
7.880000000000000000e+02
7.880000000000000000e+02
7.880000000000000000e+02
7.870000000000000000e+02
7.880000000000000000e+02
7.890000000000000000e+02
7.890000000000000000e+02
7.890000000000000000e+02
7.890000000000000000e+02
7.890000000000000000e+02
7.890000000000000000e+02
7.890000000000000000e+02
7.890000000000000000e+02
7.900000000000000000e+02
7.900000000000000000e+02
7.900000000000000000e+02
7.900000000000000000e+02
7.900000000000000000e+02
7.900000000000000000e+02
7.900000000000000000e+02
7.910000000000000000e+02
7.900000000000000000e+02
7.900000000000000000e+02
7.910000000000000000e+02
7.900000000000000000e+02
7.910000000000000000e+02
7.910000000000000000e+02
7.910000000000000000e+02
7.900000000000000000e+02
7.920000000000000000e+02
7.910000000000000000e+02
7.920000000000000000e+02
7.890000000000000000e+02
7.860000000000000000e+02
7.870000000000000000e+02
7.860000000000000000e+02
7.250000000000000000e+02
5.450000000000000000e+02
2.670000000000000000e+02
0.000000000000000000e+00
0.000000000000000000e+00
0.000000000000000000e+00
0.000000000000000000e+00
0.000000000000000000e+00
0.000000000000000000e+00
0.000000000000000000e+00
0.000000000000000000e+00
0.000000000000000000e+00
0.000000000000000000e+00
0.000000000000000000e+00
0.000000000000000000e+00
0.000000000000000000e+00
0.000000000000000000e+00
0.000000000000000000e+00
0.000000000000000000e+00
0.000000000000000000e+00
0.000000000000000000e+00
0.000000000000000000e+00
0.000000000000000000e+00
0.000000000000000000e+00
0.000000000000000000e+00
0.000000000000000000e+00
0.000000000000000000e+00
0.000000000000000000e+00
0.000000000000000000e+00
