0.000000000000000000e+00
0.000000000000000000e+00
0.000000000000000000e+00
0.000000000000000000e+00
0.000000000000000000e+00
0.000000000000000000e+00
0.000000000000000000e+00
0.000000000000000000e+00
0.000000000000000000e+00
0.000000000000000000e+00
0.000000000000000000e+00
0.000000000000000000e+00
0.000000000000000000e+00
0.000000000000000000e+00
0.000000000000000000e+00
0.000000000000000000e+00
0.000000000000000000e+00
0.000000000000000000e+00
0.000000000000000000e+00
0.000000000000000000e+00
0.000000000000000000e+00
0.000000000000000000e+00
0.000000000000000000e+00
0.000000000000000000e+00
0.000000000000000000e+00
0.000000000000000000e+00
0.000000000000000000e+00
0.000000000000000000e+00
0.000000000000000000e+00
0.000000000000000000e+00
0.000000000000000000e+00
0.000000000000000000e+00
0.000000000000000000e+00
0.000000000000000000e+00
0.000000000000000000e+00
1.800000000000000000e+01
0.000000000000000000e+00
0.000000000000000000e+00
0.000000000000000000e+00
0.000000000000000000e+00
0.000000000000000000e+00
0.000000000000000000e+00
0.000000000000000000e+00
0.000000000000000000e+00
0.000000000000000000e+00
0.000000000000000000e+00
0.000000000000000000e+00
0.000000000000000000e+00
0.000000000000000000e+00
0.000000000000000000e+00
0.000000000000000000e+00
0.000000000000000000e+00
0.000000000000000000e+00
0.000000000000000000e+00
0.000000000000000000e+00
0.000000000000000000e+00
7.000000000000000000e+00
0.000000000000000000e+00
0.000000000000000000e+00
0.000000000000000000e+00
0.000000000000000000e+00
0.000000000000000000e+00
3.000000000000000000e+00
0.000000000000000000e+00
0.000000000000000000e+00
0.000000000000000000e+00
0.000000000000000000e+00
0.000000000000000000e+00
0.000000000000000000e+00
0.000000000000000000e+00
0.000000000000000000e+00
0.000000000000000000e+00
0.000000000000000000e+00
0.000000000000000000e+00
1.130000000000000000e+02
3.400000000000000000e+02
5.230000000000000000e+02
6.060000000000000000e+02
7.040000000000000000e+02
7.200000000000000000e+02
7.220000000000000000e+02
7.090000000000000000e+02
6.810000000000000000e+02
6.990000000000000000e+02
7.020000000000000000e+02
7.350000000000000000e+02
7.340000000000000000e+02
7.250000000000000000e+02
7.060000000000000000e+02
5.720000000000000000e+02
3.750000000000000000e+02
3.530000000000000000e+02
3.520000000000000000e+02
3.330000000000000000e+02
4.050000000000000000e+02
3.820000000000000000e+02
3.320000000000000000e+02
3.030000000000000000e+02
3.140000000000000000e+02
3.000000000000000000e+02
9.800000000000000000e+01
1.650000000000000000e+02
1.490000000000000000e+02
1.550000000000000000e+02
1.510000000000000000e+02
1.560000000000000000e+02
1.720000000000000000e+02
1.790000000000000000e+02
1.620000000000000000e+02
2.600000000000000000e+01
3.700000000000000000e+01
2.400000000000000000e+01
2.200000000000000000e+01
2.400000000000000000e+01
2.400000000000000000e+01
2.200000000000000000e+01
0.000000000000000000e+00
0.000000000000000000e+00
0.000000000000000000e+00
0.000000000000000000e+00
0.000000000000000000e+00
0.000000000000000000e+00
0.000000000000000000e+00
0.000000000000000000e+00
0.000000000000000000e+00
0.000000000000000000e+00
0.000000000000000000e+00
0.000000000000000000e+00
0.000000000000000000e+00
0.000000000000000000e+00
0.000000000000000000e+00
0.000000000000000000e+00
0.000000000000000000e+00
0.000000000000000000e+00
0.000000000000000000e+00
0.000000000000000000e+00
0.000000000000000000e+00
0.000000000000000000e+00
0.000000000000000000e+00
0.000000000000000000e+00
0.000000000000000000e+00
0.000000000000000000e+00
0.000000000000000000e+00
0.000000000000000000e+00
0.000000000000000000e+00
0.000000000000000000e+00
0.000000000000000000e+00
0.000000000000000000e+00
0.000000000000000000e+00
0.000000000000000000e+00
0.000000000000000000e+00
0.000000000000000000e+00
3.100000000000000000e+01
5.900000000000000000e+01
6.800000000000000000e+01
2.740000000000000000e+02
4.220000000000000000e+02
4.660000000000000000e+02
5.210000000000000000e+02
7.280000000000000000e+02
7.140000000000000000e+02
6.300000000000000000e+02
5.850000000000000000e+02
7.460000000000000000e+02
6.430000000000000000e+02
6.540000000000000000e+02
6.610000000000000000e+02
7.000000000000000000e+02
6.690000000000000000e+02
6.540000000000000000e+02
6.750000000000000000e+02
6.850000000000000000e+02
6.860000000000000000e+02
6.610000000000000000e+02
6.980000000000000000e+02
6.960000000000000000e+02
6.520000000000000000e+02
6.840000000000000000e+02
7.010000000000000000e+02
6.850000000000000000e+02
6.640000000000000000e+02
7.010000000000000000e+02
6.910000000000000000e+02
6.570000000000000000e+02
6.960000000000000000e+02
6.980000000000000000e+02
6.790000000000000000e+02
6.980000000000000000e+02
6.960000000000000000e+02
6.900000000000000000e+02
6.850000000000000000e+02
7.000000000000000000e+02
6.920000000000000000e+02
6.980000000000000000e+02
7.000000000000000000e+02
6.820000000000000000e+02
7.010000000000000000e+02
7.010000000000000000e+02
6.820000000000000000e+02
6.960000000000000000e+02
7.040000000000000000e+02
6.920000000000000000e+02
6.950000000000000000e+02
7.030000000000000000e+02
6.960000000000000000e+02
6.960000000000000000e+02
7.040000000000000000e+02
6.960000000000000000e+02
7.010000000000000000e+02
7.050000000000000000e+02
6.930000000000000000e+02
6.990000000000000000e+02
7.080000000000000000e+02
6.970000000000000000e+02
7.000000000000000000e+02
7.080000000000000000e+02
6.990000000000000000e+02
6.970000000000000000e+02
7.060000000000000000e+02
7.020000000000000000e+02
7.000000000000000000e+02
7.080000000000000000e+02
6.920000000000000000e+02
7.010000000000000000e+02
7.140000000000000000e+02
6.930000000000000000e+02
6.900000000000000000e+02
7.120000000000000000e+02
6.990000000000000000e+02
6.920000000000000000e+02
7.040000000000000000e+02
7.060000000000000000e+02
6.970000000000000000e+02
7.030000000000000000e+02
7.060000000000000000e+02
7.060000000000000000e+02
7.060000000000000000e+02
7.040000000000000000e+02
7.050000000000000000e+02
7.060000000000000000e+02
7.020000000000000000e+02
7.060000000000000000e+02
7.060000000000000000e+02
7.060000000000000000e+02
7.130000000000000000e+02
7.080000000000000000e+02
7.080000000000000000e+02
6.950000000000000000e+02
6.960000000000000000e+02
7.040000000000000000e+02
6.490000000000000000e+02
7.110000000000000000e+02
7.100000000000000000e+02
7.070000000000000000e+02
7.000000000000000000e+02
7.110000000000000000e+02
7.050000000000000000e+02
7.000000000000000000e+02
7.130000000000000000e+02
7.040000000000000000e+02
7.120000000000000000e+02
5.560000000000000000e+02
0.000000000000000000e+00
0.000000000000000000e+00
0.000000000000000000e+00
0.000000000000000000e+00
0.000000000000000000e+00
0.000000000000000000e+00
0.000000000000000000e+00
0.000000000000000000e+00
0.000000000000000000e+00
0.000000000000000000e+00
0.000000000000000000e+00
0.000000000000000000e+00
0.000000000000000000e+00
0.000000000000000000e+00
0.000000000000000000e+00
0.000000000000000000e+00
0.000000000000000000e+00
0.000000000000000000e+00
0.000000000000000000e+00
0.000000000000000000e+00
0.000000000000000000e+00
0.000000000000000000e+00
0.000000000000000000e+00
0.000000000000000000e+00
0.000000000000000000e+00
0.000000000000000000e+00
0.000000000000000000e+00
0.000000000000000000e+00
0.000000000000000000e+00
0.000000000000000000e+00
0.000000000000000000e+00
0.000000000000000000e+00
0.000000000000000000e+00
0.000000000000000000e+00
0.000000000000000000e+00
0.000000000000000000e+00
0.000000000000000000e+00
0.000000000000000000e+00
