0.000000000000000000e+00
0.000000000000000000e+00
0.000000000000000000e+00
0.000000000000000000e+00
0.000000000000000000e+00
0.000000000000000000e+00
0.000000000000000000e+00
0.000000000000000000e+00
0.000000000000000000e+00
0.000000000000000000e+00
0.000000000000000000e+00
0.000000000000000000e+00
0.000000000000000000e+00
0.000000000000000000e+00
0.000000000000000000e+00
0.000000000000000000e+00
0.000000000000000000e+00
0.000000000000000000e+00
0.000000000000000000e+00
0.000000000000000000e+00
0.000000000000000000e+00
0.000000000000000000e+00
0.000000000000000000e+00
0.000000000000000000e+00
0.000000000000000000e+00
0.000000000000000000e+00
0.000000000000000000e+00
0.000000000000000000e+00
0.000000000000000000e+00
0.000000000000000000e+00
0.000000000000000000e+00
0.000000000000000000e+00
0.000000000000000000e+00
0.000000000000000000e+00
8.100000000000000000e+01
4.100000000000000000e+02
4.720000000000000000e+02
4.260000000000000000e+02
5.000000000000000000e+02
6.720000000000000000e+02
6.480000000000000000e+02
6.240000000000000000e+02
5.590000000000000000e+02
6.170000000000000000e+02
6.970000000000000000e+02
6.580000000000000000e+02
6.210000000000000000e+02
6.650000000000000000e+02
6.970000000000000000e+02
6.730000000000000000e+02
6.250000000000000000e+02
6.810000000000000000e+02
6.990000000000000000e+02
6.780000000000000000e+02
6.760000000000000000e+02
6.940000000000000000e+02
7.070000000000000000e+02
6.740000000000000000e+02
6.850000000000000000e+02
7.120000000000000000e+02
6.920000000000000000e+02
6.860000000000000000e+02
6.880000000000000000e+02
6.980000000000000000e+02
6.820000000000000000e+02
6.970000000000000000e+02
6.950000000000000000e+02
6.940000000000000000e+02
6.920000000000000000e+02
6.960000000000000000e+02
6.990000000000000000e+02
6.870000000000000000e+02
7.020000000000000000e+02
6.950000000000000000e+02
7.010000000000000000e+02
6.970000000000000000e+02
6.970000000000000000e+02
7.010000000000000000e+02
6.980000000000000000e+02
7.150000000000000000e+02
6.980000000000000000e+02
7.040000000000000000e+02
6.970000000000000000e+02
7.030000000000000000e+02
6.970000000000000000e+02
6.980000000000000000e+02
7.140000000000000000e+02
6.960000000000000000e+02
6.900000000000000000e+02
6.360000000000000000e+02
3.970000000000000000e+02
1.640000000000000000e+02
0.000000000000000000e+00
0.000000000000000000e+00
0.000000000000000000e+00
0.000000000000000000e+00
0.000000000000000000e+00
0.000000000000000000e+00
0.000000000000000000e+00
0.000000000000000000e+00
0.000000000000000000e+00
0.000000000000000000e+00
0.000000000000000000e+00
0.000000000000000000e+00
0.000000000000000000e+00
0.000000000000000000e+00
0.000000000000000000e+00
0.000000000000000000e+00
0.000000000000000000e+00
0.000000000000000000e+00
0.000000000000000000e+00
0.000000000000000000e+00
0.000000000000000000e+00
0.000000000000000000e+00
0.000000000000000000e+00
0.000000000000000000e+00
0.000000000000000000e+00
0.000000000000000000e+00
0.000000000000000000e+00
0.000000000000000000e+00
0.000000000000000000e+00
0.000000000000000000e+00
0.000000000000000000e+00
0.000000000000000000e+00
0.000000000000000000e+00
0.000000000000000000e+00
0.000000000000000000e+00
0.000000000000000000e+00
0.000000000000000000e+00
0.000000000000000000e+00
0.000000000000000000e+00
0.000000000000000000e+00
0.000000000000000000e+00
0.000000000000000000e+00
0.000000000000000000e+00
0.000000000000000000e+00
0.000000000000000000e+00
0.000000000000000000e+00
3.000000000000000000e+01
4.250000000000000000e+02
5.690000000000000000e+02
6.050000000000000000e+02
6.360000000000000000e+02
7.880000000000000000e+02
6.720000000000000000e+02
6.100000000000000000e+02
6.580000000000000000e+02
7.980000000000000000e+02
7.800000000000000000e+02
6.840000000000000000e+02
7.100000000000000000e+02
8.010000000000000000e+02
7.870000000000000000e+02
6.930000000000000000e+02
7.420000000000000000e+02
8.080000000000000000e+02
7.610000000000000000e+02
7.460000000000000000e+02
7.570000000000000000e+02
8.060000000000000000e+02
7.560000000000000000e+02
7.480000000000000000e+02
8.030000000000000000e+02
7.920000000000000000e+02
7.630000000000000000e+02
7.720000000000000000e+02
8.040000000000000000e+02
7.880000000000000000e+02
7.600000000000000000e+02
7.960000000000000000e+02
7.990000000000000000e+02
7.800000000000000000e+02
7.820000000000000000e+02
8.010000000000000000e+02
7.930000000000000000e+02
7.690000000000000000e+02
7.950000000000000000e+02
7.940000000000000000e+02
7.900000000000000000e+02
7.900000000000000000e+02
7.300000000000000000e+02
2.720000000000000000e+02
0.000000000000000000e+00
0.000000000000000000e+00
0.000000000000000000e+00
0.000000000000000000e+00
0.000000000000000000e+00
0.000000000000000000e+00
0.000000000000000000e+00
0.000000000000000000e+00
0.000000000000000000e+00
0.000000000000000000e+00
0.000000000000000000e+00
0.000000000000000000e+00
0.000000000000000000e+00
0.000000000000000000e+00
0.000000000000000000e+00
0.000000000000000000e+00
0.000000000000000000e+00
0.000000000000000000e+00
0.000000000000000000e+00
0.000000000000000000e+00
0.000000000000000000e+00
0.000000000000000000e+00
0.000000000000000000e+00
0.000000000000000000e+00
0.000000000000000000e+00
0.000000000000000000e+00
0.000000000000000000e+00
0.000000000000000000e+00
0.000000000000000000e+00
0.000000000000000000e+00
0.000000000000000000e+00
0.000000000000000000e+00
0.000000000000000000e+00
0.000000000000000000e+00
0.000000000000000000e+00
0.000000000000000000e+00
0.000000000000000000e+00
0.000000000000000000e+00
0.000000000000000000e+00
0.000000000000000000e+00
0.000000000000000000e+00
0.000000000000000000e+00
0.000000000000000000e+00
0.000000000000000000e+00
0.000000000000000000e+00
0.000000000000000000e+00
0.000000000000000000e+00
0.000000000000000000e+00
0.000000000000000000e+00
0.000000000000000000e+00
0.000000000000000000e+00
0.000000000000000000e+00
0.000000000000000000e+00
0.000000000000000000e+00
0.000000000000000000e+00
0.000000000000000000e+00
0.000000000000000000e+00
0.000000000000000000e+00
0.000000000000000000e+00
0.000000000000000000e+00
0.000000000000000000e+00
0.000000000000000000e+00
0.000000000000000000e+00
0.000000000000000000e+00
0.000000000000000000e+00
0.000000000000000000e+00
0.000000000000000000e+00
0.000000000000000000e+00
0.000000000000000000e+00
0.000000000000000000e+00
0.000000000000000000e+00
0.000000000000000000e+00
0.000000000000000000e+00
0.000000000000000000e+00
0.000000000000000000e+00
0.000000000000000000e+00
0.000000000000000000e+00
0.000000000000000000e+00
0.000000000000000000e+00
0.000000000000000000e+00
0.000000000000000000e+00
0.000000000000000000e+00
0.000000000000000000e+00
0.000000000000000000e+00
0.000000000000000000e+00
0.000000000000000000e+00
0.000000000000000000e+00
0.000000000000000000e+00
0.000000000000000000e+00
0.000000000000000000e+00
0.000000000000000000e+00
0.000000000000000000e+00
0.000000000000000000e+00
0.000000000000000000e+00
0.000000000000000000e+00
0.000000000000000000e+00
0.000000000000000000e+00
0.000000000000000000e+00
0.000000000000000000e+00
0.000000000000000000e+00
0.000000000000000000e+00
0.000000000000000000e+00
0.000000000000000000e+00
0.000000000000000000e+00
0.000000000000000000e+00
0.000000000000000000e+00
0.000000000000000000e+00
0.000000000000000000e+00
0.000000000000000000e+00
0.000000000000000000e+00
0.000000000000000000e+00
0.000000000000000000e+00
0.000000000000000000e+00
0.000000000000000000e+00
0.000000000000000000e+00
0.000000000000000000e+00
0.000000000000000000e+00
0.000000000000000000e+00
