0.000000000000000000e+00
0.000000000000000000e+00
0.000000000000000000e+00
0.000000000000000000e+00
0.000000000000000000e+00
0.000000000000000000e+00
0.000000000000000000e+00
0.000000000000000000e+00
0.000000000000000000e+00
0.000000000000000000e+00
0.000000000000000000e+00
0.000000000000000000e+00
0.000000000000000000e+00
0.000000000000000000e+00
0.000000000000000000e+00
0.000000000000000000e+00
0.000000000000000000e+00
0.000000000000000000e+00
0.000000000000000000e+00
0.000000000000000000e+00
0.000000000000000000e+00
0.000000000000000000e+00
0.000000000000000000e+00
0.000000000000000000e+00
0.000000000000000000e+00
0.000000000000000000e+00
0.000000000000000000e+00
0.000000000000000000e+00
0.000000000000000000e+00
0.000000000000000000e+00
0.000000000000000000e+00
0.000000000000000000e+00
0.000000000000000000e+00
0.000000000000000000e+00
0.000000000000000000e+00
0.000000000000000000e+00
0.000000000000000000e+00
0.000000000000000000e+00
0.000000000000000000e+00
0.000000000000000000e+00
0.000000000000000000e+00
1.900000000000000000e+02
5.650000000000000000e+02
6.100000000000000000e+02
6.610000000000000000e+02
6.840000000000000000e+02
6.630000000000000000e+02
6.460000000000000000e+02
6.560000000000000000e+02
6.520000000000000000e+02
7.160000000000000000e+02
7.220000000000000000e+02
7.080000000000000000e+02
7.250000000000000000e+02
6.990000000000000000e+02
7.290000000000000000e+02
7.250000000000000000e+02
7.120000000000000000e+02
7.260000000000000000e+02
7.250000000000000000e+02
7.220000000000000000e+02
7.120000000000000000e+02
7.390000000000000000e+02
7.140000000000000000e+02
7.220000000000000000e+02
7.310000000000000000e+02
7.200000000000000000e+02
7.270000000000000000e+02
7.260000000000000000e+02
7.270000000000000000e+02
7.240000000000000000e+02
7.330000000000000000e+02
7.230000000000000000e+02
7.280000000000000000e+02
7.300000000000000000e+02
7.250000000000000000e+02
7.320000000000000000e+02
7.300000000000000000e+02
7.270000000000000000e+02
7.290000000000000000e+02
7.340000000000000000e+02
7.240000000000000000e+02
7.330000000000000000e+02
7.320000000000000000e+02
7.260000000000000000e+02
7.330000000000000000e+02
7.340000000000000000e+02
7.300000000000000000e+02
7.300000000000000000e+02
7.330000000000000000e+02
7.300000000000000000e+02
7.340000000000000000e+02
7.320000000000000000e+02
7.270000000000000000e+02
7.350000000000000000e+02
7.320000000000000000e+02
7.290000000000000000e+02
7.330000000000000000e+02
7.320000000000000000e+02
7.340000000000000000e+02
7.330000000000000000e+02
7.340000000000000000e+02
7.330000000000000000e+02
7.370000000000000000e+02
7.320000000000000000e+02
7.320000000000000000e+02
7.360000000000000000e+02
7.310000000000000000e+02
7.330000000000000000e+02
7.370000000000000000e+02
7.340000000000000000e+02
7.330000000000000000e+02
7.380000000000000000e+02
7.350000000000000000e+02
7.310000000000000000e+02
7.370000000000000000e+02
7.320000000000000000e+02
7.330000000000000000e+02
7.350000000000000000e+02
7.340000000000000000e+02
7.340000000000000000e+02
7.380000000000000000e+02
7.400000000000000000e+02
7.330000000000000000e+02
7.340000000000000000e+02
7.000000000000000000e+02
6.440000000000000000e+02
5.720000000000000000e+02
0.000000000000000000e+00
0.000000000000000000e+00
0.000000000000000000e+00
0.000000000000000000e+00
0.000000000000000000e+00
0.000000000000000000e+00
0.000000000000000000e+00
0.000000000000000000e+00
0.000000000000000000e+00
0.000000000000000000e+00
0.000000000000000000e+00
0.000000000000000000e+00
0.000000000000000000e+00
0.000000000000000000e+00
0.000000000000000000e+00
0.000000000000000000e+00
0.000000000000000000e+00
0.000000000000000000e+00
0.000000000000000000e+00
0.000000000000000000e+00
0.000000000000000000e+00
0.000000000000000000e+00
0.000000000000000000e+00
0.000000000000000000e+00
0.000000000000000000e+00
0.000000000000000000e+00
0.000000000000000000e+00
0.000000000000000000e+00
0.000000000000000000e+00
0.000000000000000000e+00
0.000000000000000000e+00
0.000000000000000000e+00
0.000000000000000000e+00
0.000000000000000000e+00
0.000000000000000000e+00
0.000000000000000000e+00
0.000000000000000000e+00
0.000000000000000000e+00
0.000000000000000000e+00
0.000000000000000000e+00
0.000000000000000000e+00
0.000000000000000000e+00
0.000000000000000000e+00
0.000000000000000000e+00
0.000000000000000000e+00
0.000000000000000000e+00
0.000000000000000000e+00
0.000000000000000000e+00
0.000000000000000000e+00
0.000000000000000000e+00
0.000000000000000000e+00
0.000000000000000000e+00
0.000000000000000000e+00
0.000000000000000000e+00
0.000000000000000000e+00
4.000000000000000000e+00
6.110000000000000000e+02
7.160000000000000000e+02
6.760000000000000000e+02
7.120000000000000000e+02
6.740000000000000000e+02
6.920000000000000000e+02
6.480000000000000000e+02
6.400000000000000000e+02
6.080000000000000000e+02
6.150000000000000000e+02
6.290000000000000000e+02
6.050000000000000000e+02
6.190000000000000000e+02
6.300000000000000000e+02
6.100000000000000000e+02
6.170000000000000000e+02
6.280000000000000000e+02
6.220000000000000000e+02
6.100000000000000000e+02
6.320000000000000000e+02
6.230000000000000000e+02
6.130000000000000000e+02
6.250000000000000000e+02
6.280000000000000000e+02
6.140000000000000000e+02
6.260000000000000000e+02
6.290000000000000000e+02
6.190000000000000000e+02
6.220000000000000000e+02
6.300000000000000000e+02
6.190000000000000000e+02
6.240000000000000000e+02
6.300000000000000000e+02
6.220000000000000000e+02
6.230000000000000000e+02
6.300000000000000000e+02
6.230000000000000000e+02
6.230000000000000000e+02
6.360000000000000000e+02
6.250000000000000000e+02
6.190000000000000000e+02
6.280000000000000000e+02
6.310000000000000000e+02
6.220000000000000000e+02
6.290000000000000000e+02
6.290000000000000000e+02
6.210000000000000000e+02
6.280000000000000000e+02
6.300000000000000000e+02
6.250000000000000000e+02
6.270000000000000000e+02
6.300000000000000000e+02
6.240000000000000000e+02
6.260000000000000000e+02
6.300000000000000000e+02
6.270000000000000000e+02
6.270000000000000000e+02
6.300000000000000000e+02
6.270000000000000000e+02
6.260000000000000000e+02
6.300000000000000000e+02
6.290000000000000000e+02
6.280000000000000000e+02
6.300000000000000000e+02
6.280000000000000000e+02
6.270000000000000000e+02
6.300000000000000000e+02
6.270000000000000000e+02
6.280000000000000000e+02
6.230000000000000000e+02
6.410000000000000000e+02
6.340000000000000000e+02
6.310000000000000000e+02
0.000000000000000000e+00
0.000000000000000000e+00
0.000000000000000000e+00
0.000000000000000000e+00
0.000000000000000000e+00
0.000000000000000000e+00
0.000000000000000000e+00
0.000000000000000000e+00
0.000000000000000000e+00
0.000000000000000000e+00
0.000000000000000000e+00
0.000000000000000000e+00
0.000000000000000000e+00
0.000000000000000000e+00
0.000000000000000000e+00
0.000000000000000000e+00
0.000000000000000000e+00
0.000000000000000000e+00
0.000000000000000000e+00
0.000000000000000000e+00
0.000000000000000000e+00
0.000000000000000000e+00
0.000000000000000000e+00
0.000000000000000000e+00
0.000000000000000000e+00
0.000000000000000000e+00
0.000000000000000000e+00
0.000000000000000000e+00
0.000000000000000000e+00
0.000000000000000000e+00
0.000000000000000000e+00
0.000000000000000000e+00
0.000000000000000000e+00
0.000000000000000000e+00
0.000000000000000000e+00
0.000000000000000000e+00
0.000000000000000000e+00
0.000000000000000000e+00
0.000000000000000000e+00
0.000000000000000000e+00
0.000000000000000000e+00
0.000000000000000000e+00
0.000000000000000000e+00
