0.000000000000000000e+00
0.000000000000000000e+00
0.000000000000000000e+00
0.000000000000000000e+00
0.000000000000000000e+00
0.000000000000000000e+00
0.000000000000000000e+00
0.000000000000000000e+00
0.000000000000000000e+00
0.000000000000000000e+00
0.000000000000000000e+00
0.000000000000000000e+00
0.000000000000000000e+00
0.000000000000000000e+00
0.000000000000000000e+00
0.000000000000000000e+00
0.000000000000000000e+00
0.000000000000000000e+00
0.000000000000000000e+00
0.000000000000000000e+00
0.000000000000000000e+00
0.000000000000000000e+00
0.000000000000000000e+00
0.000000000000000000e+00
0.000000000000000000e+00
0.000000000000000000e+00
0.000000000000000000e+00
0.000000000000000000e+00
0.000000000000000000e+00
0.000000000000000000e+00
0.000000000000000000e+00
0.000000000000000000e+00
0.000000000000000000e+00
0.000000000000000000e+00
0.000000000000000000e+00
0.000000000000000000e+00
0.000000000000000000e+00
1.400000000000000000e+01
4.330000000000000000e+02
4.610000000000000000e+02
5.180000000000000000e+02
5.750000000000000000e+02
7.360000000000000000e+02
6.610000000000000000e+02
6.110000000000000000e+02
6.750000000000000000e+02
7.360000000000000000e+02
7.230000000000000000e+02
6.490000000000000000e+02
6.710000000000000000e+02
7.530000000000000000e+02
6.660000000000000000e+02
7.000000000000000000e+02
7.230000000000000000e+02
7.290000000000000000e+02
7.150000000000000000e+02
6.960000000000000000e+02
7.390000000000000000e+02
7.250000000000000000e+02
7.210000000000000000e+02
7.210000000000000000e+02
7.410000000000000000e+02
7.320000000000000000e+02
7.050000000000000000e+02
7.430000000000000000e+02
7.340000000000000000e+02
7.290000000000000000e+02
7.320000000000000000e+02
7.400000000000000000e+02
7.360000000000000000e+02
7.270000000000000000e+02
7.400000000000000000e+02
7.300000000000000000e+02
7.390000000000000000e+02
7.350000000000000000e+02
7.390000000000000000e+02
7.390000000000000000e+02
7.310000000000000000e+02
7.410000000000000000e+02
7.360000000000000000e+02
7.380000000000000000e+02
7.370000000000000000e+02
7.410000000000000000e+02
7.400000000000000000e+02
7.350000000000000000e+02
7.440000000000000000e+02
7.360000000000000000e+02
7.400000000000000000e+02
7.410000000000000000e+02
7.410000000000000000e+02
7.400000000000000000e+02
7.410000000000000000e+02
7.450000000000000000e+02
7.430000000000000000e+02
7.440000000000000000e+02
7.420000000000000000e+02
7.450000000000000000e+02
7.440000000000000000e+02
7.430000000000000000e+02
7.480000000000000000e+02
7.420000000000000000e+02
7.440000000000000000e+02
7.440000000000000000e+02
7.460000000000000000e+02
7.440000000000000000e+02
7.460000000000000000e+02
7.450000000000000000e+02
7.440000000000000000e+02
7.460000000000000000e+02
7.460000000000000000e+02
7.450000000000000000e+02
7.460000000000000000e+02
7.460000000000000000e+02
7.480000000000000000e+02
7.450000000000000000e+02
7.480000000000000000e+02
7.460000000000000000e+02
7.500000000000000000e+02
7.460000000000000000e+02
7.470000000000000000e+02
7.490000000000000000e+02
7.480000000000000000e+02
7.480000000000000000e+02
7.470000000000000000e+02
7.490000000000000000e+02
7.350000000000000000e+02
6.330000000000000000e+02
6.850000000000000000e+02
6.730000000000000000e+02
5.480000000000000000e+02
2.580000000000000000e+02
3.960000000000000000e+02
5.000000000000000000e+00
0.000000000000000000e+00
0.000000000000000000e+00
0.000000000000000000e+00
0.000000000000000000e+00
0.000000000000000000e+00
0.000000000000000000e+00
0.000000000000000000e+00
0.000000000000000000e+00
0.000000000000000000e+00
0.000000000000000000e+00
0.000000000000000000e+00
0.000000000000000000e+00
0.000000000000000000e+00
0.000000000000000000e+00
0.000000000000000000e+00
0.000000000000000000e+00
0.000000000000000000e+00
0.000000000000000000e+00
0.000000000000000000e+00
0.000000000000000000e+00
0.000000000000000000e+00
0.000000000000000000e+00
0.000000000000000000e+00
0.000000000000000000e+00
0.000000000000000000e+00
0.000000000000000000e+00
0.000000000000000000e+00
0.000000000000000000e+00
0.000000000000000000e+00
0.000000000000000000e+00
0.000000000000000000e+00
0.000000000000000000e+00
0.000000000000000000e+00
0.000000000000000000e+00
0.000000000000000000e+00
0.000000000000000000e+00
0.000000000000000000e+00
0.000000000000000000e+00
0.000000000000000000e+00
0.000000000000000000e+00
0.000000000000000000e+00
0.000000000000000000e+00
0.000000000000000000e+00
0.000000000000000000e+00
0.000000000000000000e+00
0.000000000000000000e+00
0.000000000000000000e+00
0.000000000000000000e+00
0.000000000000000000e+00
0.000000000000000000e+00
0.000000000000000000e+00
0.000000000000000000e+00
0.000000000000000000e+00
0.000000000000000000e+00
0.000000000000000000e+00
0.000000000000000000e+00
0.000000000000000000e+00
0.000000000000000000e+00
0.000000000000000000e+00
0.000000000000000000e+00
0.000000000000000000e+00
0.000000000000000000e+00
2.430000000000000000e+02
5.570000000000000000e+02
5.540000000000000000e+02
7.310000000000000000e+02
7.940000000000000000e+02
7.640000000000000000e+02
6.580000000000000000e+02
7.840000000000000000e+02
7.360000000000000000e+02
6.050000000000000000e+02
6.910000000000000000e+02
7.750000000000000000e+02
6.340000000000000000e+02
6.430000000000000000e+02
7.630000000000000000e+02
6.670000000000000000e+02
6.670000000000000000e+02
7.200000000000000000e+02
7.370000000000000000e+02
6.360000000000000000e+02
7.230000000000000000e+02
7.470000000000000000e+02
6.870000000000000000e+02
6.850000000000000000e+02
7.580000000000000000e+02
6.880000000000000000e+02
6.950000000000000000e+02
7.450000000000000000e+02
7.290000000000000000e+02
6.920000000000000000e+02
7.360000000000000000e+02
7.400000000000000000e+02
7.210000000000000000e+02
7.160000000000000000e+02
7.450000000000000000e+02
7.180000000000000000e+02
7.250000000000000000e+02
7.390000000000000000e+02
7.330000000000000000e+02
7.230000000000000000e+02
7.360000000000000000e+02
7.370000000000000000e+02
7.240000000000000000e+02
7.360000000000000000e+02
7.370000000000000000e+02
7.350000000000000000e+02
7.360000000000000000e+02
7.420000000000000000e+02
7.360000000000000000e+02
7.350000000000000000e+02
7.440000000000000000e+02
7.370000000000000000e+02
7.310000000000000000e+02
7.440000000000000000e+02
7.420000000000000000e+02
7.370000000000000000e+02
7.390000000000000000e+02
7.450000000000000000e+02
7.350000000000000000e+02
7.430000000000000000e+02
7.400000000000000000e+02
7.430000000000000000e+02
7.370000000000000000e+02
7.460000000000000000e+02
7.390000000000000000e+02
7.430000000000000000e+02
7.420000000000000000e+02
7.430000000000000000e+02
7.400000000000000000e+02
7.430000000000000000e+02
7.410000000000000000e+02
7.420000000000000000e+02
7.420000000000000000e+02
7.420000000000000000e+02
7.360000000000000000e+02
7.160000000000000000e+02
0.000000000000000000e+00
0.000000000000000000e+00
0.000000000000000000e+00
0.000000000000000000e+00
0.000000000000000000e+00
0.000000000000000000e+00
0.000000000000000000e+00
0.000000000000000000e+00
0.000000000000000000e+00
0.000000000000000000e+00
0.000000000000000000e+00
0.000000000000000000e+00
0.000000000000000000e+00
0.000000000000000000e+00
0.000000000000000000e+00
0.000000000000000000e+00
0.000000000000000000e+00
0.000000000000000000e+00
0.000000000000000000e+00
0.000000000000000000e+00
0.000000000000000000e+00
0.000000000000000000e+00
0.000000000000000000e+00
0.000000000000000000e+00
0.000000000000000000e+00
0.000000000000000000e+00
0.000000000000000000e+00
0.000000000000000000e+00
0.000000000000000000e+00
