0.000000000000000000e+00
0.000000000000000000e+00
0.000000000000000000e+00
0.000000000000000000e+00
0.000000000000000000e+00
0.000000000000000000e+00
0.000000000000000000e+00
0.000000000000000000e+00
0.000000000000000000e+00
0.000000000000000000e+00
0.000000000000000000e+00
0.000000000000000000e+00
0.000000000000000000e+00
0.000000000000000000e+00
0.000000000000000000e+00
0.000000000000000000e+00
0.000000000000000000e+00
0.000000000000000000e+00
0.000000000000000000e+00
0.000000000000000000e+00
0.000000000000000000e+00
0.000000000000000000e+00
0.000000000000000000e+00
0.000000000000000000e+00
0.000000000000000000e+00
0.000000000000000000e+00
0.000000000000000000e+00
0.000000000000000000e+00
0.000000000000000000e+00
0.000000000000000000e+00
0.000000000000000000e+00
0.000000000000000000e+00
0.000000000000000000e+00
0.000000000000000000e+00
0.000000000000000000e+00
0.000000000000000000e+00
0.000000000000000000e+00
0.000000000000000000e+00
0.000000000000000000e+00
0.000000000000000000e+00
0.000000000000000000e+00
0.000000000000000000e+00
0.000000000000000000e+00
0.000000000000000000e+00
0.000000000000000000e+00
0.000000000000000000e+00
0.000000000000000000e+00
0.000000000000000000e+00
0.000000000000000000e+00
0.000000000000000000e+00
0.000000000000000000e+00
2.650000000000000000e+02
3.260000000000000000e+02
4.900000000000000000e+02
5.790000000000000000e+02
6.310000000000000000e+02
5.920000000000000000e+02
5.730000000000000000e+02
6.000000000000000000e+02
7.350000000000000000e+02
6.740000000000000000e+02
6.640000000000000000e+02
6.370000000000000000e+02
6.920000000000000000e+02
6.260000000000000000e+02
6.680000000000000000e+02
6.700000000000000000e+02
6.410000000000000000e+02
6.860000000000000000e+02
6.610000000000000000e+02
6.580000000000000000e+02
6.600000000000000000e+02
6.950000000000000000e+02
6.600000000000000000e+02
6.690000000000000000e+02
7.030000000000000000e+02
6.600000000000000000e+02
6.730000000000000000e+02
6.940000000000000000e+02
6.770000000000000000e+02
6.710000000000000000e+02
6.850000000000000000e+02
6.800000000000000000e+02
6.690000000000000000e+02
6.980000000000000000e+02
6.790000000000000000e+02
6.750000000000000000e+02
6.950000000000000000e+02
6.840000000000000000e+02
6.830000000000000000e+02
6.870000000000000000e+02
6.880000000000000000e+02
6.810000000000000000e+02
6.980000000000000000e+02
6.860000000000000000e+02
6.820000000000000000e+02
7.010000000000000000e+02
6.850000000000000000e+02
6.880000000000000000e+02
7.080000000000000000e+02
6.840000000000000000e+02
6.830000000000000000e+02
7.050000000000000000e+02
6.910000000000000000e+02
6.770000000000000000e+02
7.120000000000000000e+02
6.960000000000000000e+02
6.820000000000000000e+02
7.040000000000000000e+02
6.970000000000000000e+02
6.920000000000000000e+02
6.940000000000000000e+02
7.040000000000000000e+02
6.890000000000000000e+02
7.030000000000000000e+02
6.940000000000000000e+02
6.920000000000000000e+02
7.120000000000000000e+02
6.860000000000000000e+02
6.920000000000000000e+02
7.090000000000000000e+02
7.020000000000000000e+02
6.910000000000000000e+02
7.130000000000000000e+02
6.980000000000000000e+02
6.940000000000000000e+02
7.080000000000000000e+02
7.120000000000000000e+02
6.840000000000000000e+02
7.100000000000000000e+02
7.000000000000000000e+02
7.080000000000000000e+02
7.080000000000000000e+02
7.100000000000000000e+02
6.890000000000000000e+02
7.130000000000000000e+02
6.990000000000000000e+02
7.110000000000000000e+02
7.020000000000000000e+02
7.040000000000000000e+02
6.890000000000000000e+02
5.910000000000000000e+02
5.590000000000000000e+02
4.740000000000000000e+02
0.000000000000000000e+00
2.400000000000000000e+01
5.000000000000000000e+00
8.000000000000000000e+00
0.000000000000000000e+00
0.000000000000000000e+00
0.000000000000000000e+00
0.000000000000000000e+00
0.000000000000000000e+00
0.000000000000000000e+00
0.000000000000000000e+00
0.000000000000000000e+00
0.000000000000000000e+00
0.000000000000000000e+00
0.000000000000000000e+00
0.000000000000000000e+00
0.000000000000000000e+00
0.000000000000000000e+00
0.000000000000000000e+00
0.000000000000000000e+00
0.000000000000000000e+00
0.000000000000000000e+00
0.000000000000000000e+00
0.000000000000000000e+00
0.000000000000000000e+00
0.000000000000000000e+00
0.000000000000000000e+00
0.000000000000000000e+00
0.000000000000000000e+00
0.000000000000000000e+00
0.000000000000000000e+00
0.000000000000000000e+00
0.000000000000000000e+00
0.000000000000000000e+00
0.000000000000000000e+00
0.000000000000000000e+00
0.000000000000000000e+00
0.000000000000000000e+00
0.000000000000000000e+00
0.000000000000000000e+00
0.000000000000000000e+00
0.000000000000000000e+00
0.000000000000000000e+00
0.000000000000000000e+00
0.000000000000000000e+00
0.000000000000000000e+00
0.000000000000000000e+00
0.000000000000000000e+00
0.000000000000000000e+00
0.000000000000000000e+00
0.000000000000000000e+00
0.000000000000000000e+00
0.000000000000000000e+00
0.000000000000000000e+00
3.110000000000000000e+02
4.840000000000000000e+02
5.320000000000000000e+02
4.500000000000000000e+02
5.120000000000000000e+02
5.910000000000000000e+02
6.070000000000000000e+02
6.150000000000000000e+02
6.250000000000000000e+02
6.200000000000000000e+02
6.250000000000000000e+02
6.280000000000000000e+02
6.310000000000000000e+02
6.290000000000000000e+02
6.340000000000000000e+02
6.280000000000000000e+02
6.280000000000000000e+02
6.350000000000000000e+02
6.340000000000000000e+02
6.290000000000000000e+02
6.340000000000000000e+02
6.360000000000000000e+02
6.310000000000000000e+02
6.350000000000000000e+02
6.370000000000000000e+02
6.310000000000000000e+02
6.340000000000000000e+02
6.390000000000000000e+02
6.310000000000000000e+02
6.380000000000000000e+02
6.390000000000000000e+02
6.320000000000000000e+02
6.380000000000000000e+02
6.390000000000000000e+02
6.360000000000000000e+02
6.370000000000000000e+02
6.390000000000000000e+02
6.390000000000000000e+02
6.390000000000000000e+02
6.390000000000000000e+02
6.350000000000000000e+02
6.400000000000000000e+02
6.380000000000000000e+02
6.360000000000000000e+02
6.390000000000000000e+02
6.400000000000000000e+02
6.330000000000000000e+02
6.400000000000000000e+02
6.420000000000000000e+02
6.390000000000000000e+02
6.350000000000000000e+02
6.400000000000000000e+02
6.410000000000000000e+02
6.390000000000000000e+02
6.410000000000000000e+02
6.420000000000000000e+02
6.390000000000000000e+02
6.410000000000000000e+02
6.440000000000000000e+02
6.390000000000000000e+02
6.400000000000000000e+02
6.420000000000000000e+02
6.420000000000000000e+02
6.400000000000000000e+02
6.390000000000000000e+02
6.400000000000000000e+02
6.370000000000000000e+02
6.320000000000000000e+02
6.240000000000000000e+02
7.200000000000000000e+01
0.000000000000000000e+00
0.000000000000000000e+00
0.000000000000000000e+00
0.000000000000000000e+00
0.000000000000000000e+00
0.000000000000000000e+00
0.000000000000000000e+00
0.000000000000000000e+00
0.000000000000000000e+00
0.000000000000000000e+00
0.000000000000000000e+00
0.000000000000000000e+00
0.000000000000000000e+00
0.000000000000000000e+00
0.000000000000000000e+00
0.000000000000000000e+00
0.000000000000000000e+00
0.000000000000000000e+00
0.000000000000000000e+00
0.000000000000000000e+00
0.000000000000000000e+00
0.000000000000000000e+00
0.000000000000000000e+00
0.000000000000000000e+00
0.000000000000000000e+00
0.000000000000000000e+00
0.000000000000000000e+00
0.000000000000000000e+00
0.000000000000000000e+00
0.000000000000000000e+00
0.000000000000000000e+00
0.000000000000000000e+00
