0.000000000000000000e+00
0.000000000000000000e+00
0.000000000000000000e+00
0.000000000000000000e+00
0.000000000000000000e+00
0.000000000000000000e+00
0.000000000000000000e+00
0.000000000000000000e+00
0.000000000000000000e+00
0.000000000000000000e+00
0.000000000000000000e+00
0.000000000000000000e+00
0.000000000000000000e+00
0.000000000000000000e+00
0.000000000000000000e+00
0.000000000000000000e+00
0.000000000000000000e+00
0.000000000000000000e+00
0.000000000000000000e+00
0.000000000000000000e+00
0.000000000000000000e+00
0.000000000000000000e+00
0.000000000000000000e+00
0.000000000000000000e+00
0.000000000000000000e+00
0.000000000000000000e+00
0.000000000000000000e+00
0.000000000000000000e+00
0.000000000000000000e+00
0.000000000000000000e+00
0.000000000000000000e+00
0.000000000000000000e+00
0.000000000000000000e+00
0.000000000000000000e+00
0.000000000000000000e+00
0.000000000000000000e+00
0.000000000000000000e+00
0.000000000000000000e+00
0.000000000000000000e+00
0.000000000000000000e+00
0.000000000000000000e+00
0.000000000000000000e+00
0.000000000000000000e+00
0.000000000000000000e+00
0.000000000000000000e+00
0.000000000000000000e+00
0.000000000000000000e+00
0.000000000000000000e+00
0.000000000000000000e+00
0.000000000000000000e+00
0.000000000000000000e+00
0.000000000000000000e+00
0.000000000000000000e+00
0.000000000000000000e+00
0.000000000000000000e+00
4.700000000000000000e+01
7.300000000000000000e+01
4.430000000000000000e+02
8.240000000000000000e+02
8.690000000000000000e+02
8.650000000000000000e+02
8.590000000000000000e+02
8.970000000000000000e+02
8.880000000000000000e+02
8.580000000000000000e+02
9.020000000000000000e+02
8.860000000000000000e+02
8.800000000000000000e+02
8.950000000000000000e+02
8.980000000000000000e+02
8.760000000000000000e+02
9.010000000000000000e+02
8.950000000000000000e+02
8.860000000000000000e+02
8.970000000000000000e+02
9.000000000000000000e+02
8.760000000000000000e+02
9.030000000000000000e+02
9.020000000000000000e+02
8.890000000000000000e+02
8.950000000000000000e+02
9.040000000000000000e+02
8.880000000000000000e+02
9.050000000000000000e+02
8.970000000000000000e+02
8.920000000000000000e+02
8.920000000000000000e+02
9.100000000000000000e+02
8.790000000000000000e+02
9.000000000000000000e+02
9.050000000000000000e+02
9.010000000000000000e+02
8.950000000000000000e+02
9.060000000000000000e+02
8.950000000000000000e+02
8.990000000000000000e+02
9.030000000000000000e+02
8.990000000000000000e+02
8.960000000000000000e+02
9.060000000000000000e+02
9.000000000000000000e+02
8.980000000000000000e+02
9.050000000000000000e+02
9.010000000000000000e+02
9.000000000000000000e+02
9.040000000000000000e+02
9.010000000000000000e+02
9.010000000000000000e+02
9.050000000000000000e+02
9.010000000000000000e+02
9.020000000000000000e+02
9.050000000000000000e+02
9.020000000000000000e+02
9.020000000000000000e+02
9.060000000000000000e+02
9.020000000000000000e+02
9.000000000000000000e+02
9.070000000000000000e+02
9.040000000000000000e+02
9.010000000000000000e+02
9.060000000000000000e+02
9.120000000000000000e+02
9.020000000000000000e+02
8.340000000000000000e+02
6.640000000000000000e+02
0.000000000000000000e+00
0.000000000000000000e+00
0.000000000000000000e+00
0.000000000000000000e+00
0.000000000000000000e+00
0.000000000000000000e+00
0.000000000000000000e+00
0.000000000000000000e+00
0.000000000000000000e+00
0.000000000000000000e+00
0.000000000000000000e+00
0.000000000000000000e+00
0.000000000000000000e+00
0.000000000000000000e+00
0.000000000000000000e+00
0.000000000000000000e+00
0.000000000000000000e+00
0.000000000000000000e+00
0.000000000000000000e+00
0.000000000000000000e+00
0.000000000000000000e+00
0.000000000000000000e+00
0.000000000000000000e+00
0.000000000000000000e+00
0.000000000000000000e+00
0.000000000000000000e+00
0.000000000000000000e+00
0.000000000000000000e+00
0.000000000000000000e+00
0.000000000000000000e+00
0.000000000000000000e+00
0.000000000000000000e+00
0.000000000000000000e+00
0.000000000000000000e+00
0.000000000000000000e+00
0.000000000000000000e+00
0.000000000000000000e+00
0.000000000000000000e+00
1.850000000000000000e+02
4.400000000000000000e+02
7.660000000000000000e+02
7.950000000000000000e+02
7.630000000000000000e+02
8.460000000000000000e+02
8.710000000000000000e+02
8.170000000000000000e+02
8.450000000000000000e+02
8.690000000000000000e+02
8.600000000000000000e+02
8.520000000000000000e+02
8.750000000000000000e+02
8.610000000000000000e+02
8.540000000000000000e+02
8.750000000000000000e+02
8.730000000000000000e+02
8.530000000000000000e+02
8.800000000000000000e+02
8.710000000000000000e+02
8.770000000000000000e+02
8.640000000000000000e+02
8.780000000000000000e+02
8.710000000000000000e+02
8.780000000000000000e+02
8.750000000000000000e+02
8.820000000000000000e+02
8.730000000000000000e+02
8.780000000000000000e+02
8.830000000000000000e+02
8.780000000000000000e+02
8.770000000000000000e+02
8.800000000000000000e+02
8.830000000000000000e+02
8.790000000000000000e+02
8.850000000000000000e+02
8.830000000000000000e+02
8.790000000000000000e+02
8.870000000000000000e+02
8.780000000000000000e+02
8.770000000000000000e+02
8.860000000000000000e+02
8.780000000000000000e+02
8.830000000000000000e+02
8.850000000000000000e+02
8.840000000000000000e+02
8.820000000000000000e+02
8.870000000000000000e+02
8.810000000000000000e+02
8.830000000000000000e+02
8.880000000000000000e+02
8.810000000000000000e+02
8.880000000000000000e+02
8.880000000000000000e+02
8.790000000000000000e+02
8.870000000000000000e+02
8.840000000000000000e+02
8.820000000000000000e+02
8.870000000000000000e+02
8.890000000000000000e+02
8.850000000000000000e+02
8.850000000000000000e+02
8.880000000000000000e+02
8.850000000000000000e+02
8.900000000000000000e+02
8.840000000000000000e+02
8.840000000000000000e+02
8.870000000000000000e+02
8.900000000000000000e+02
8.810000000000000000e+02
8.900000000000000000e+02
8.770000000000000000e+02
8.980000000000000000e+02
8.690000000000000000e+02
8.550000000000000000e+02
7.020000000000000000e+02
6.250000000000000000e+02
3.940000000000000000e+02
2.840000000000000000e+02
0.000000000000000000e+00
0.000000000000000000e+00
0.000000000000000000e+00
0.000000000000000000e+00
0.000000000000000000e+00
0.000000000000000000e+00
0.000000000000000000e+00
0.000000000000000000e+00
0.000000000000000000e+00
0.000000000000000000e+00
0.000000000000000000e+00
0.000000000000000000e+00
0.000000000000000000e+00
0.000000000000000000e+00
0.000000000000000000e+00
0.000000000000000000e+00
0.000000000000000000e+00
0.000000000000000000e+00
0.000000000000000000e+00
0.000000000000000000e+00
0.000000000000000000e+00
0.000000000000000000e+00
0.000000000000000000e+00
0.000000000000000000e+00
0.000000000000000000e+00
0.000000000000000000e+00
0.000000000000000000e+00
0.000000000000000000e+00
0.000000000000000000e+00
0.000000000000000000e+00
0.000000000000000000e+00
0.000000000000000000e+00
0.000000000000000000e+00
0.000000000000000000e+00
0.000000000000000000e+00
0.000000000000000000e+00
0.000000000000000000e+00
0.000000000000000000e+00
0.000000000000000000e+00
0.000000000000000000e+00
0.000000000000000000e+00
0.000000000000000000e+00
0.000000000000000000e+00
0.000000000000000000e+00
0.000000000000000000e+00
0.000000000000000000e+00
0.000000000000000000e+00
0.000000000000000000e+00
0.000000000000000000e+00
0.000000000000000000e+00
0.000000000000000000e+00
0.000000000000000000e+00
0.000000000000000000e+00
0.000000000000000000e+00
0.000000000000000000e+00
0.000000000000000000e+00
0.000000000000000000e+00
0.000000000000000000e+00
