0.000000000000000000e+00
0.000000000000000000e+00
0.000000000000000000e+00
0.000000000000000000e+00
0.000000000000000000e+00
0.000000000000000000e+00
0.000000000000000000e+00
0.000000000000000000e+00
0.000000000000000000e+00
0.000000000000000000e+00
0.000000000000000000e+00
0.000000000000000000e+00
0.000000000000000000e+00
0.000000000000000000e+00
0.000000000000000000e+00
0.000000000000000000e+00
0.000000000000000000e+00
0.000000000000000000e+00
0.000000000000000000e+00
0.000000000000000000e+00
0.000000000000000000e+00
0.000000000000000000e+00
0.000000000000000000e+00
0.000000000000000000e+00
0.000000000000000000e+00
0.000000000000000000e+00
0.000000000000000000e+00
0.000000000000000000e+00
0.000000000000000000e+00
0.000000000000000000e+00
0.000000000000000000e+00
0.000000000000000000e+00
0.000000000000000000e+00
0.000000000000000000e+00
0.000000000000000000e+00
0.000000000000000000e+00
0.000000000000000000e+00
0.000000000000000000e+00
0.000000000000000000e+00
0.000000000000000000e+00
0.000000000000000000e+00
0.000000000000000000e+00
0.000000000000000000e+00
0.000000000000000000e+00
0.000000000000000000e+00
0.000000000000000000e+00
0.000000000000000000e+00
0.000000000000000000e+00
0.000000000000000000e+00
0.000000000000000000e+00
0.000000000000000000e+00
0.000000000000000000e+00
0.000000000000000000e+00
0.000000000000000000e+00
0.000000000000000000e+00
0.000000000000000000e+00
0.000000000000000000e+00
0.000000000000000000e+00
0.000000000000000000e+00
0.000000000000000000e+00
0.000000000000000000e+00
0.000000000000000000e+00
0.000000000000000000e+00
0.000000000000000000e+00
0.000000000000000000e+00
0.000000000000000000e+00
1.200000000000000000e+02
1.580000000000000000e+02
5.800000000000000000e+01
1.770000000000000000e+02
2.490000000000000000e+02
2.120000000000000000e+02
4.820000000000000000e+02
6.380000000000000000e+02
6.440000000000000000e+02
7.350000000000000000e+02
7.610000000000000000e+02
7.800000000000000000e+02
7.870000000000000000e+02
8.130000000000000000e+02
8.180000000000000000e+02
7.910000000000000000e+02
8.190000000000000000e+02
8.220000000000000000e+02
8.110000000000000000e+02
8.240000000000000000e+02
8.270000000000000000e+02
8.240000000000000000e+02
8.200000000000000000e+02
8.300000000000000000e+02
8.310000000000000000e+02
8.230000000000000000e+02
8.290000000000000000e+02
8.300000000000000000e+02
8.340000000000000000e+02
8.280000000000000000e+02
8.290000000000000000e+02
8.310000000000000000e+02
8.410000000000000000e+02
8.280000000000000000e+02
8.340000000000000000e+02
8.270000000000000000e+02
8.420000000000000000e+02
8.420000000000000000e+02
8.220000000000000000e+02
8.440000000000000000e+02
8.340000000000000000e+02
8.370000000000000000e+02
8.430000000000000000e+02
8.320000000000000000e+02
8.390000000000000000e+02
8.330000000000000000e+02
8.490000000000000000e+02
8.300000000000000000e+02
8.450000000000000000e+02
8.390000000000000000e+02
8.470000000000000000e+02
8.430000000000000000e+02
8.330000000000000000e+02
8.510000000000000000e+02
8.360000000000000000e+02
8.450000000000000000e+02
8.460000000000000000e+02
8.380000000000000000e+02
8.470000000000000000e+02
8.500000000000000000e+02
8.470000000000000000e+02
8.390000000000000000e+02
8.460000000000000000e+02
8.520000000000000000e+02
8.410000000000000000e+02
8.530000000000000000e+02
8.340000000000000000e+02
8.500000000000000000e+02
8.340000000000000000e+02
8.550000000000000000e+02
8.350000000000000000e+02
8.510000000000000000e+02
8.470000000000000000e+02
8.530000000000000000e+02
8.430000000000000000e+02
8.190000000000000000e+02
8.510000000000000000e+02
8.290000000000000000e+02
8.410000000000000000e+02
8.140000000000000000e+02
7.910000000000000000e+02
3.300000000000000000e+01
0.000000000000000000e+00
0.000000000000000000e+00
0.000000000000000000e+00
0.000000000000000000e+00
0.000000000000000000e+00
0.000000000000000000e+00
0.000000000000000000e+00
0.000000000000000000e+00
0.000000000000000000e+00
0.000000000000000000e+00
0.000000000000000000e+00
0.000000000000000000e+00
0.000000000000000000e+00
0.000000000000000000e+00
0.000000000000000000e+00
0.000000000000000000e+00
0.000000000000000000e+00
0.000000000000000000e+00
0.000000000000000000e+00
0.000000000000000000e+00
0.000000000000000000e+00
0.000000000000000000e+00
0.000000000000000000e+00
0.000000000000000000e+00
0.000000000000000000e+00
0.000000000000000000e+00
0.000000000000000000e+00
0.000000000000000000e+00
0.000000000000000000e+00
0.000000000000000000e+00
0.000000000000000000e+00
0.000000000000000000e+00
0.000000000000000000e+00
0.000000000000000000e+00
0.000000000000000000e+00
0.000000000000000000e+00
0.000000000000000000e+00
0.000000000000000000e+00
0.000000000000000000e+00
0.000000000000000000e+00
0.000000000000000000e+00
0.000000000000000000e+00
0.000000000000000000e+00
0.000000000000000000e+00
0.000000000000000000e+00
0.000000000000000000e+00
0.000000000000000000e+00
0.000000000000000000e+00
0.000000000000000000e+00
0.000000000000000000e+00
0.000000000000000000e+00
0.000000000000000000e+00
0.000000000000000000e+00
0.000000000000000000e+00
0.000000000000000000e+00
0.000000000000000000e+00
0.000000000000000000e+00
0.000000000000000000e+00
0.000000000000000000e+00
0.000000000000000000e+00
0.000000000000000000e+00
0.000000000000000000e+00
0.000000000000000000e+00
0.000000000000000000e+00
2.070000000000000000e+02
3.380000000000000000e+02
3.030000000000000000e+02
3.730000000000000000e+02
4.790000000000000000e+02
5.180000000000000000e+02
5.940000000000000000e+02
6.420000000000000000e+02
7.420000000000000000e+02
7.530000000000000000e+02
6.870000000000000000e+02
6.830000000000000000e+02
7.400000000000000000e+02
7.670000000000000000e+02
7.120000000000000000e+02
7.370000000000000000e+02
7.370000000000000000e+02
7.500000000000000000e+02
7.260000000000000000e+02
7.420000000000000000e+02
7.440000000000000000e+02
7.360000000000000000e+02
7.430000000000000000e+02
7.430000000000000000e+02
7.460000000000000000e+02
7.290000000000000000e+02
7.520000000000000000e+02
7.390000000000000000e+02
7.490000000000000000e+02
7.470000000000000000e+02
7.420000000000000000e+02
7.380000000000000000e+02
7.440000000000000000e+02
7.630000000000000000e+02
7.400000000000000000e+02
7.410000000000000000e+02
7.620000000000000000e+02
7.490000000000000000e+02
7.470000000000000000e+02
7.520000000000000000e+02
7.460000000000000000e+02
7.650000000000000000e+02
7.350000000000000000e+02
7.630000000000000000e+02
7.560000000000000000e+02
7.440000000000000000e+02
7.650000000000000000e+02
7.560000000000000000e+02
7.420000000000000000e+02
7.590000000000000000e+02
7.580000000000000000e+02
7.530000000000000000e+02
7.410000000000000000e+02
7.570000000000000000e+02
7.620000000000000000e+02
7.490000000000000000e+02
7.390000000000000000e+02
7.650000000000000000e+02
7.580000000000000000e+02
7.440000000000000000e+02
7.640000000000000000e+02
7.700000000000000000e+02
7.490000000000000000e+02
7.140000000000000000e+02
7.190000000000000000e+02
5.850000000000000000e+02
4.030000000000000000e+02
0.000000000000000000e+00
0.000000000000000000e+00
0.000000000000000000e+00
0.000000000000000000e+00
0.000000000000000000e+00
0.000000000000000000e+00
0.000000000000000000e+00
0.000000000000000000e+00
0.000000000000000000e+00
0.000000000000000000e+00
0.000000000000000000e+00
0.000000000000000000e+00
0.000000000000000000e+00
0.000000000000000000e+00
0.000000000000000000e+00
0.000000000000000000e+00
0.000000000000000000e+00
0.000000000000000000e+00
0.000000000000000000e+00
0.000000000000000000e+00
0.000000000000000000e+00
