I = Picture; B = Black screen; O = Orange screen


I1B1 = [3222, 3226, 3220, 3222, 3224, 3222, 3222, 3223, 3227, 3222]
I1O1 = [832, 833, 833, 833, 833, 833, 833, 834, 833, 833]


I1B2 = [3654, 3658, 3659, 3665, 3664, 3668, 3668, 3672, 3674, 3680]
I1O2 = [1091, 1090, 1092, 1091, 1091, 1091, 1092, 1091, 1091, 1091]


I1B3 = [2735, 2734, 2723, 2706, 2689, 2681, 2679, 2672, 2667, 2663]
I1O3 = [683, 683, 684, 683, 684, 684, 683, 684, 683, 683]


I1B4 = [3135, 3181, 3230, 3319, 3382, 3427, 3460, 3500, 3544, 3587]
I1O4 = [1127, 1128, 1125, 1126, 1127, 1130, 1129, 1128, 1130, 1130]


I1B5 = [3074, 3164, 3285, 3465, 3505, 3520, 3555, 3571, 3601, 3641]
I1O5 = [1166, 1185, 1189, 1190, 1188, 1189, 1186, 1180, 1165, 1157]


I1B6 = [3764, 3759, 3765, 3768, 3766, 3766, 3767, 3767, 3767, 3773]
I1O6 = [1113, 1113, 1115, 1114, 1116, 1115, 1115, 1115, 1116, 1113]


I1B7 = [3864, 3881, 3880, 3874, 3879, 3877, 3876, 3879, 3859, 3834]
I1O7 = [1147, 1149, 1150, 1149, 1148, 1149, 1147, 1145, 1147, 1145]


I1B8 = [3604, 3604, 3586, 3592, 3593, 3592, 3585, 3589, 3607, 3600]
I1O8 = [1084, 1085, 1085, 1082, 1085, 1086, 1085, 1084, 1085, 1084]


I1B9 = [3358, 3360, 3333, 3337, 3332, 3327, 3317, 3302, 3298, 3297]
I1O9 = [952, 944, 937, 929, 924, 915, 912, 913, 913, 913]


I1B10 = [3540, 3541, 3547, 3550, 3549, 3554, 3554, 3556, 3560, 3559]
I1O10 = [1028, 1028, 1028, 1029, 1029, 1028, 1027, 1028, 1028, 1028]






I2B1 = [3305, 3295, 3290, 3295, 3291, 3298, 3290, 3283, 3291, 3287]
I2O1 = [1004, 1004, 1003, 1003, 1004, 1002, 1003, 1003, 1004, 1004]


I2B2 = [3493, 3503, 3528, 3521, 3514, 3511, 3498, 3498, 3503, 3505]
I2O2 = [1155, 1157, 1156, 1156, 1156, 1155, 1154, 1155, 1156, 1156]


I2B3 = [3233, 3242, 3234, 3217, 3223, 3223, 3243, 3249, 3264, 3218]
I2O3 = [1044, 1042, 1042, 1043, 1042, 1042, 1041, 1042, 1042, 1042]


I2B4 = [3451, 3450, 3446, 3445, 3437, 3429, 3425, 3426, 3411, 3405]
I2O4 = [1056, 1058, 1058, 1058, 1057, 1058, 1058, 1057, 1058, 1059]


I2B5 = [3400, 3402, 3401, 3403, 3404, 3403, 3406, 3407, 3411, 3413]
I2O5 = [1068, 1070, 1069, 1067, 1070, 1069, 1069, 1070, 1069, 1068]


I2B6 = [2623, 2681, 2721, 2763, 2803, 2845, 2887, 2930, 2970, 3012]
I2O6 = [953, 952, 953, 954, 954, 955, 953, 953, 952, 954]


I2B7 = [3500, 3498, 3499, 3502, 3503, 3504, 3502, 3507, 3503, 3505]
I2O7 = [1165, 1164, 1164, 1163, 1164, 1162, 1163, 1163, 1164, 1162]


I2B8 = [3451, 3455, 3454, 3459, 3460, 3460, 3459, 3463, 3463, 3464]
I2O8 = [1175, 1175, 1174, 1175, 1174, 1175, 1175, 1175, 1174, 1174]


I2B9 = [3431, 3433, 3435, 3437, 3439, 3438, 3439, 3442, 3440, 3441]
I2O9 = [1094, 1097, 1099, 1098, 1100, 1099, 1097, 1100, 1097, 1099]


I2B10 = [3298, 3301, 3304, 3304, 3308, 3307, 3312, 3311, 3316, 3317]
I2O10 = [1016, 1014, 1015, 1016, 1015, 1014, 1015, 1014, 1017, 1015]






I3B1 = [3339, 3350, 3358, 3369, 3380, 3394, 3400, 3410, 3410, 3409]
I3O1 = [1152, 1152, 1152, 1151, 1152, 1152, 1156, 1155, 1157, 1155]


I3B2 = [3391, 3376, 3373, 3374, 3378, 3379, 3380, 3386, 3385, 3369]
I3O2 = [1148, 1148, 1148, 1148, 1149, 1149, 1148, 1149, 1149]


I3B3 = [3318, 3315, 3317, 3318, 3320, 3324, 3324, 3321, 3324, 3323]
I3O3 = [1127, 1126, 1127, 1126, 1128, 1127, 1127, 1127, 1127, 1128]


I3B4 = [3617, 3617, 3615, 3614, 3615, 3613, 3614, 3616, 3615, 3613]
I3O4 = [1313, 1311, 1315, 1312, 1314, 1314, 1312, 1314, 1314, 1314]


I3B5 = [3503, 3522, 3547, 3571, 3591, 3601, 3596, 3600, 3598, 3592]
I3O5 = [1231, 1231, 1231, 1230, 1231, 1232, 1232, 1233, 1233, 1230]


I3B6 = [3619, 3615, 3619, 3619, 3618, 3617, 3617, 3617, 3621, 3621]
I3O6 = [1232, 1231, 1231, 1231, 1232, 1232, 1231, 1232, 1232, 1233]


I3B7 = [3322, 3322, 3326, 3325, 3328, 3330, 3329, 3333, 3333, 3332]
I3O7 = [1025, 1026, 1026, 1027, 1025, 1026, 1026, 1033, 1043, 1052]


I3B8 = [3434, 3419, 3428, 3442, 3446, 3450, 3449, 3449, 3451, 3451]
I3O8 = [1102, 1103, 1103, 1103, 1102, 1104, 1104, 1104, 1104, 1103]


I3B9 = [3607, 3614, 3608, 3619, 3618, 3623, 3619, 3623, 3619, 3630]
I3O9 = [1235, 1236, 1235, 1232, 1235, 1235, 1234, 1235, 1236, 1236]


I3B10 = [3392, 3392, 3394, 3395, 3395, 3398, 3396, 3397, 3400, 3402]
I3O10 = [1097, 1094, 1097, 1095, 1096, 1097, 1095, 1097, 1094, 1096]



I4B1 = [3522, 3525, 3525, 3524, 3528, 3527, 3528, 3527, 3529, 3529]
I4O1 = [1238, 1237, 1238, 1237, 1237, 1238, 1238, 1238, 1238, 1238]


I4B2 = [3437, 3436, 3432, 3435, 3429, 3433, 3425, 3449, 3461, 3465]
I4O2 = [1172, 1172, 1171, 1173, 1172, 1172, 1171, 1171, 1172, 1171]


I4B3 = [3402, 3402, 3398, 3404, 3405, 3406, 3405, 3407, 3406, 3412]
I4O3 = [1159, 1161, 1158, 1159, 1159, 1161, 1160, 1159, 1161, 1162]


I4B4 = [3284, 3294, 3301, 3316, 3328, 3338, 3350, 3358, 3372, 3373]
I4O4 = [1163, 1163, 1162, 1162, 1163, 1163, 1162, 1162, 1163, 1164]

I4B5 = [3263, 3269, 3273, 3274, 3273, 3277, 3278, 3280, 3279, 3282]
I4O5 = [1069, 1070, 1070, 1071, 1069, 1070, 1070, 1070, 1070, 1071]

I4B6 = [3448, 3449, 3451, 3452, 3452, 3455, 3455, 3455, 3458, 3456, 3461]
I4O6 = [1255, 1256, 1255, 1256, 1256, 1256, 1255, 1257, 1257, 1256]


I4B7 = [3292, 3295, 3296, 3296, 3297, 3299, 3300, 3302, 3301, 3301]
I4O7 = [1090, 1089, 1090, 1090, 1089, 1088, 1089, 1089, 1088, 1090]


I4B8 = [3476, 3467, 3468, 3472, 3472, 3474, 3478, 3477, 3479, 3479]
I4O8 = [1229, 1229, 1231, 1230, 1230, 1230, 1229, 1231, 1230, 1230]

I4B9 = [3499, 3497, 3498, 3499, 3500, 3499, 3505, 3511, 3506, 3510]
I4O9 = [1193, 1192, 1192, 1193, 1193, 1192, 1193, 1192, 1192, 1192]


I4B10 = [3439, 3439, 3439, 3437, 3442, 3443, 3440, 3446, 3446, 3447]
I4O10 = [1152, 1152, 1152, 1152, 1152, 1153, 1152, 1153, 1153, 1154]