0.000000000000000000e+00
0.000000000000000000e+00
0.000000000000000000e+00
0.000000000000000000e+00
0.000000000000000000e+00
0.000000000000000000e+00
0.000000000000000000e+00
0.000000000000000000e+00
0.000000000000000000e+00
0.000000000000000000e+00
0.000000000000000000e+00
0.000000000000000000e+00
0.000000000000000000e+00
0.000000000000000000e+00
0.000000000000000000e+00
0.000000000000000000e+00
0.000000000000000000e+00
0.000000000000000000e+00
0.000000000000000000e+00
0.000000000000000000e+00
0.000000000000000000e+00
0.000000000000000000e+00
0.000000000000000000e+00
0.000000000000000000e+00
0.000000000000000000e+00
0.000000000000000000e+00
0.000000000000000000e+00
0.000000000000000000e+00
0.000000000000000000e+00
0.000000000000000000e+00
0.000000000000000000e+00
3.500000000000000000e+01
0.000000000000000000e+00
3.960000000000000000e+02
5.970000000000000000e+02
6.470000000000000000e+02
6.700000000000000000e+02
7.440000000000000000e+02
6.940000000000000000e+02
6.450000000000000000e+02
7.370000000000000000e+02
7.320000000000000000e+02
7.280000000000000000e+02
6.780000000000000000e+02
7.290000000000000000e+02
7.250000000000000000e+02
6.850000000000000000e+02
7.550000000000000000e+02
6.960000000000000000e+02
7.460000000000000000e+02
7.030000000000000000e+02
7.630000000000000000e+02
6.960000000000000000e+02
7.200000000000000000e+02
7.390000000000000000e+02
7.500000000000000000e+02
7.120000000000000000e+02
7.500000000000000000e+02
7.250000000000000000e+02
7.290000000000000000e+02
7.400000000000000000e+02
7.420000000000000000e+02
7.150000000000000000e+02
7.450000000000000000e+02
7.390000000000000000e+02
7.350000000000000000e+02
7.350000000000000000e+02
7.380000000000000000e+02
7.320000000000000000e+02
7.490000000000000000e+02
7.370000000000000000e+02
7.310000000000000000e+02
7.440000000000000000e+02
7.390000000000000000e+02
7.350000000000000000e+02
7.380000000000000000e+02
7.460000000000000000e+02
7.340000000000000000e+02
7.380000000000000000e+02
7.490000000000000000e+02
7.320000000000000000e+02
7.400000000000000000e+02
7.410000000000000000e+02
7.390000000000000000e+02
7.350000000000000000e+02
7.510000000000000000e+02
7.340000000000000000e+02
7.410000000000000000e+02
7.400000000000000000e+02
7.410000000000000000e+02
7.350000000000000000e+02
7.530000000000000000e+02
7.340000000000000000e+02
7.410000000000000000e+02
6.810000000000000000e+02
5.230000000000000000e+02
0.000000000000000000e+00
0.000000000000000000e+00
0.000000000000000000e+00
0.000000000000000000e+00
0.000000000000000000e+00
0.000000000000000000e+00
0.000000000000000000e+00
0.000000000000000000e+00
0.000000000000000000e+00
0.000000000000000000e+00
0.000000000000000000e+00
0.000000000000000000e+00
0.000000000000000000e+00
0.000000000000000000e+00
0.000000000000000000e+00
0.000000000000000000e+00
0.000000000000000000e+00
0.000000000000000000e+00
0.000000000000000000e+00
0.000000000000000000e+00
0.000000000000000000e+00
0.000000000000000000e+00
0.000000000000000000e+00
0.000000000000000000e+00
0.000000000000000000e+00
0.000000000000000000e+00
0.000000000000000000e+00
0.000000000000000000e+00
0.000000000000000000e+00
0.000000000000000000e+00
0.000000000000000000e+00
0.000000000000000000e+00
0.000000000000000000e+00
0.000000000000000000e+00
0.000000000000000000e+00
0.000000000000000000e+00
0.000000000000000000e+00
4.410000000000000000e+02
5.300000000000000000e+02
5.420000000000000000e+02
4.900000000000000000e+02
4.940000000000000000e+02
5.320000000000000000e+02
5.670000000000000000e+02
5.020000000000000000e+02
5.200000000000000000e+02
5.830000000000000000e+02
5.120000000000000000e+02
5.150000000000000000e+02
5.120000000000000000e+02
5.850000000000000000e+02
5.110000000000000000e+02
5.240000000000000000e+02
5.680000000000000000e+02
5.460000000000000000e+02
5.140000000000000000e+02
5.680000000000000000e+02
5.610000000000000000e+02
5.230000000000000000e+02
5.430000000000000000e+02
5.710000000000000000e+02
5.380000000000000000e+02
5.280000000000000000e+02
5.720000000000000000e+02
5.480000000000000000e+02
5.360000000000000000e+02
5.600000000000000000e+02
5.620000000000000000e+02
5.480000000000000000e+02
5.580000000000000000e+02
5.640000000000000000e+02
5.540000000000000000e+02
5.580000000000000000e+02
5.710000000000000000e+02
5.560000000000000000e+02
5.520000000000000000e+02
5.710000000000000000e+02
5.670000000000000000e+02
5.540000000000000000e+02
5.650000000000000000e+02
5.720000000000000000e+02
5.470000000000000000e+02
5.600000000000000000e+02
5.730000000000000000e+02
5.700000000000000000e+02
5.510000000000000000e+02
5.710000000000000000e+02
5.710000000000000000e+02
5.560000000000000000e+02
5.740000000000000000e+02
5.700000000000000000e+02
5.620000000000000000e+02
5.710000000000000000e+02
5.650000000000000000e+02
5.750000000000000000e+02
5.630000000000000000e+02
5.720000000000000000e+02
6.370000000000000000e+02
6.000000000000000000e+02
6.900000000000000000e+02
6.930000000000000000e+02
5.030000000000000000e+02
0.000000000000000000e+00
0.000000000000000000e+00
0.000000000000000000e+00
0.000000000000000000e+00
0.000000000000000000e+00
0.000000000000000000e+00
0.000000000000000000e+00
0.000000000000000000e+00
0.000000000000000000e+00
0.000000000000000000e+00
0.000000000000000000e+00
0.000000000000000000e+00
0.000000000000000000e+00
0.000000000000000000e+00
0.000000000000000000e+00
0.000000000000000000e+00
0.000000000000000000e+00
0.000000000000000000e+00
0.000000000000000000e+00
0.000000000000000000e+00
0.000000000000000000e+00
0.000000000000000000e+00
0.000000000000000000e+00
0.000000000000000000e+00
0.000000000000000000e+00
0.000000000000000000e+00
0.000000000000000000e+00
0.000000000000000000e+00
0.000000000000000000e+00
0.000000000000000000e+00
0.000000000000000000e+00
0.000000000000000000e+00
0.000000000000000000e+00
0.000000000000000000e+00
0.000000000000000000e+00
0.000000000000000000e+00
0.000000000000000000e+00
0.000000000000000000e+00
0.000000000000000000e+00
0.000000000000000000e+00
0.000000000000000000e+00
0.000000000000000000e+00
0.000000000000000000e+00
0.000000000000000000e+00
0.000000000000000000e+00
0.000000000000000000e+00
0.000000000000000000e+00
0.000000000000000000e+00
0.000000000000000000e+00
0.000000000000000000e+00
0.000000000000000000e+00
0.000000000000000000e+00
0.000000000000000000e+00
0.000000000000000000e+00
0.000000000000000000e+00
0.000000000000000000e+00
0.000000000000000000e+00
0.000000000000000000e+00
0.000000000000000000e+00
0.000000000000000000e+00
0.000000000000000000e+00
0.000000000000000000e+00
0.000000000000000000e+00
0.000000000000000000e+00
0.000000000000000000e+00
0.000000000000000000e+00
0.000000000000000000e+00
0.000000000000000000e+00
0.000000000000000000e+00
0.000000000000000000e+00
0.000000000000000000e+00
0.000000000000000000e+00
0.000000000000000000e+00
0.000000000000000000e+00
0.000000000000000000e+00
0.000000000000000000e+00
0.000000000000000000e+00
0.000000000000000000e+00
0.000000000000000000e+00
0.000000000000000000e+00
0.000000000000000000e+00
0.000000000000000000e+00
0.000000000000000000e+00
0.000000000000000000e+00
0.000000000000000000e+00
0.000000000000000000e+00
0.000000000000000000e+00
0.000000000000000000e+00
0.000000000000000000e+00
0.000000000000000000e+00
0.000000000000000000e+00
0.000000000000000000e+00
0.000000000000000000e+00
0.000000000000000000e+00
0.000000000000000000e+00
0.000000000000000000e+00
0.000000000000000000e+00
0.000000000000000000e+00
0.000000000000000000e+00
0.000000000000000000e+00
0.000000000000000000e+00
0.000000000000000000e+00
