0.000000000000000000e+00
0.000000000000000000e+00
0.000000000000000000e+00
0.000000000000000000e+00
0.000000000000000000e+00
0.000000000000000000e+00
0.000000000000000000e+00
0.000000000000000000e+00
0.000000000000000000e+00
0.000000000000000000e+00
0.000000000000000000e+00
0.000000000000000000e+00
0.000000000000000000e+00
0.000000000000000000e+00
0.000000000000000000e+00
0.000000000000000000e+00
0.000000000000000000e+00
0.000000000000000000e+00
0.000000000000000000e+00
0.000000000000000000e+00
0.000000000000000000e+00
0.000000000000000000e+00
0.000000000000000000e+00
0.000000000000000000e+00
0.000000000000000000e+00
0.000000000000000000e+00
0.000000000000000000e+00
0.000000000000000000e+00
0.000000000000000000e+00
0.000000000000000000e+00
0.000000000000000000e+00
0.000000000000000000e+00
2.730000000000000000e+02
6.850000000000000000e+02
7.210000000000000000e+02
7.350000000000000000e+02
7.550000000000000000e+02
7.530000000000000000e+02
7.470000000000000000e+02
7.270000000000000000e+02
8.150000000000000000e+02
9.060000000000000000e+02
7.680000000000000000e+02
7.380000000000000000e+02
8.100000000000000000e+02
8.990000000000000000e+02
7.510000000000000000e+02
7.700000000000000000e+02
8.480000000000000000e+02
8.250000000000000000e+02
8.090000000000000000e+02
7.830000000000000000e+02
8.570000000000000000e+02
7.890000000000000000e+02
8.120000000000000000e+02
8.160000000000000000e+02
8.380000000000000000e+02
8.160000000000000000e+02
8.130000000000000000e+02
8.310000000000000000e+02
8.340000000000000000e+02
8.070000000000000000e+02
8.280000000000000000e+02
8.310000000000000000e+02
8.300000000000000000e+02
8.140000000000000000e+02
8.360000000000000000e+02
8.230000000000000000e+02
8.190000000000000000e+02
8.350000000000000000e+02
8.310000000000000000e+02
8.240000000000000000e+02
8.270000000000000000e+02
8.370000000000000000e+02
8.230000000000000000e+02
8.270000000000000000e+02
8.320000000000000000e+02
8.330000000000000000e+02
8.250000000000000000e+02
8.300000000000000000e+02
8.350000000000000000e+02
8.250000000000000000e+02
8.310000000000000000e+02
8.340000000000000000e+02
8.370000000000000000e+02
8.200000000000000000e+02
8.350000000000000000e+02
8.370000000000000000e+02
8.310000000000000000e+02
8.230000000000000000e+02
8.420000000000000000e+02
8.270000000000000000e+02
8.330000000000000000e+02
8.280000000000000000e+02
8.420000000000000000e+02
8.260000000000000000e+02
8.380000000000000000e+02
8.340000000000000000e+02
8.370000000000000000e+02
8.290000000000000000e+02
8.390000000000000000e+02
8.320000000000000000e+02
8.330000000000000000e+02
8.390000000000000000e+02
8.360000000000000000e+02
8.350000000000000000e+02
8.460000000000000000e+02
8.040000000000000000e+02
1.070000000000000000e+02
0.000000000000000000e+00
0.000000000000000000e+00
0.000000000000000000e+00
0.000000000000000000e+00
0.000000000000000000e+00
0.000000000000000000e+00
0.000000000000000000e+00
0.000000000000000000e+00
0.000000000000000000e+00
0.000000000000000000e+00
0.000000000000000000e+00
0.000000000000000000e+00
0.000000000000000000e+00
0.000000000000000000e+00
0.000000000000000000e+00
0.000000000000000000e+00
0.000000000000000000e+00
0.000000000000000000e+00
0.000000000000000000e+00
0.000000000000000000e+00
0.000000000000000000e+00
0.000000000000000000e+00
0.000000000000000000e+00
0.000000000000000000e+00
0.000000000000000000e+00
0.000000000000000000e+00
0.000000000000000000e+00
0.000000000000000000e+00
0.000000000000000000e+00
0.000000000000000000e+00
0.000000000000000000e+00
0.000000000000000000e+00
0.000000000000000000e+00
0.000000000000000000e+00
0.000000000000000000e+00
0.000000000000000000e+00
0.000000000000000000e+00
0.000000000000000000e+00
0.000000000000000000e+00
0.000000000000000000e+00
0.000000000000000000e+00
0.000000000000000000e+00
0.000000000000000000e+00
0.000000000000000000e+00
0.000000000000000000e+00
6.450000000000000000e+02
7.780000000000000000e+02
7.850000000000000000e+02
7.890000000000000000e+02
8.200000000000000000e+02
8.360000000000000000e+02
8.500000000000000000e+02
8.500000000000000000e+02
8.380000000000000000e+02
8.820000000000000000e+02
8.860000000000000000e+02
8.850000000000000000e+02
8.840000000000000000e+02
8.950000000000000000e+02
8.890000000000000000e+02
8.850000000000000000e+02
8.950000000000000000e+02
8.940000000000000000e+02
8.950000000000000000e+02
8.880000000000000000e+02
8.930000000000000000e+02
8.990000000000000000e+02
8.910000000000000000e+02
8.940000000000000000e+02
8.970000000000000000e+02
8.980000000000000000e+02
8.930000000000000000e+02
8.940000000000000000e+02
9.010000000000000000e+02
8.950000000000000000e+02
8.950000000000000000e+02
8.980000000000000000e+02
9.000000000000000000e+02
8.970000000000000000e+02
8.960000000000000000e+02
9.040000000000000000e+02
8.970000000000000000e+02
8.960000000000000000e+02
9.000000000000000000e+02
9.010000000000000000e+02
8.970000000000000000e+02
8.980000000000000000e+02
9.030000000000000000e+02
8.980000000000000000e+02
9.000000000000000000e+02
9.000000000000000000e+02
9.020000000000000000e+02
8.980000000000000000e+02
9.010000000000000000e+02
9.010000000000000000e+02
9.020000000000000000e+02
9.010000000000000000e+02
9.030000000000000000e+02
9.010000000000000000e+02
9.030000000000000000e+02
9.000000000000000000e+02
9.040000000000000000e+02
8.990000000000000000e+02
9.020000000000000000e+02
9.020000000000000000e+02
9.020000000000000000e+02
9.020000000000000000e+02
9.000000000000000000e+02
9.030000000000000000e+02
9.030000000000000000e+02
9.020000000000000000e+02
9.010000000000000000e+02
9.040000000000000000e+02
9.060000000000000000e+02
8.960000000000000000e+02
9.030000000000000000e+02
9.020000000000000000e+02
9.070000000000000000e+02
8.910000000000000000e+02
9.050000000000000000e+02
7.740000000000000000e+02
0.000000000000000000e+00
0.000000000000000000e+00
0.000000000000000000e+00
2.300000000000000000e+01
0.000000000000000000e+00
0.000000000000000000e+00
0.000000000000000000e+00
0.000000000000000000e+00
0.000000000000000000e+00
0.000000000000000000e+00
0.000000000000000000e+00
0.000000000000000000e+00
0.000000000000000000e+00
0.000000000000000000e+00
0.000000000000000000e+00
0.000000000000000000e+00
0.000000000000000000e+00
0.000000000000000000e+00
0.000000000000000000e+00
0.000000000000000000e+00
0.000000000000000000e+00
0.000000000000000000e+00
0.000000000000000000e+00
0.000000000000000000e+00
0.000000000000000000e+00
0.000000000000000000e+00
0.000000000000000000e+00
0.000000000000000000e+00
0.000000000000000000e+00
0.000000000000000000e+00
0.000000000000000000e+00
0.000000000000000000e+00
0.000000000000000000e+00
0.000000000000000000e+00
0.000000000000000000e+00
0.000000000000000000e+00
0.000000000000000000e+00
0.000000000000000000e+00
0.000000000000000000e+00
0.000000000000000000e+00
0.000000000000000000e+00
0.000000000000000000e+00
0.000000000000000000e+00
0.000000000000000000e+00
0.000000000000000000e+00
0.000000000000000000e+00
0.000000000000000000e+00
0.000000000000000000e+00
0.000000000000000000e+00
0.000000000000000000e+00
0.000000000000000000e+00
0.000000000000000000e+00
0.000000000000000000e+00
0.000000000000000000e+00
0.000000000000000000e+00
0.000000000000000000e+00
0.000000000000000000e+00
0.000000000000000000e+00
0.000000000000000000e+00
0.000000000000000000e+00
0.000000000000000000e+00
0.000000000000000000e+00
0.000000000000000000e+00
0.000000000000000000e+00
0.000000000000000000e+00
0.000000000000000000e+00
0.000000000000000000e+00
0.000000000000000000e+00
0.000000000000000000e+00
0.000000000000000000e+00
