0.000000000000000000e+00
0.000000000000000000e+00
0.000000000000000000e+00
0.000000000000000000e+00
0.000000000000000000e+00
0.000000000000000000e+00
0.000000000000000000e+00
0.000000000000000000e+00
0.000000000000000000e+00
0.000000000000000000e+00
0.000000000000000000e+00
0.000000000000000000e+00
0.000000000000000000e+00
0.000000000000000000e+00
0.000000000000000000e+00
0.000000000000000000e+00
0.000000000000000000e+00
0.000000000000000000e+00
0.000000000000000000e+00
0.000000000000000000e+00
0.000000000000000000e+00
0.000000000000000000e+00
0.000000000000000000e+00
0.000000000000000000e+00
0.000000000000000000e+00
0.000000000000000000e+00
0.000000000000000000e+00
0.000000000000000000e+00
0.000000000000000000e+00
0.000000000000000000e+00
0.000000000000000000e+00
0.000000000000000000e+00
0.000000000000000000e+00
0.000000000000000000e+00
0.000000000000000000e+00
0.000000000000000000e+00
0.000000000000000000e+00
0.000000000000000000e+00
0.000000000000000000e+00
0.000000000000000000e+00
0.000000000000000000e+00
0.000000000000000000e+00
0.000000000000000000e+00
5.960000000000000000e+02
8.910000000000000000e+02
8.340000000000000000e+02
8.470000000000000000e+02
8.410000000000000000e+02
8.270000000000000000e+02
8.610000000000000000e+02
8.180000000000000000e+02
8.760000000000000000e+02
9.110000000000000000e+02
8.910000000000000000e+02
8.720000000000000000e+02
8.990000000000000000e+02
9.000000000000000000e+02
8.700000000000000000e+02
8.940000000000000000e+02
9.150000000000000000e+02
8.870000000000000000e+02
8.920000000000000000e+02
9.080000000000000000e+02
9.030000000000000000e+02
8.940000000000000000e+02
9.120000000000000000e+02
9.080000000000000000e+02
9.080000000000000000e+02
9.060000000000000000e+02
9.100000000000000000e+02
9.010000000000000000e+02
9.160000000000000000e+02
8.990000000000000000e+02
9.120000000000000000e+02
9.090000000000000000e+02
9.180000000000000000e+02
8.900000000000000000e+02
9.200000000000000000e+02
9.060000000000000000e+02
9.100000000000000000e+02
9.130000000000000000e+02
9.150000000000000000e+02
9.120000000000000000e+02
9.080000000000000000e+02
9.190000000000000000e+02
9.050000000000000000e+02
9.140000000000000000e+02
9.150000000000000000e+02
9.170000000000000000e+02
9.030000000000000000e+02
9.200000000000000000e+02
9.100000000000000000e+02
9.120000000000000000e+02
9.180000000000000000e+02
9.160000000000000000e+02
9.120000000000000000e+02
9.190000000000000000e+02
9.150000000000000000e+02
9.120000000000000000e+02
9.200000000000000000e+02
9.110000000000000000e+02
9.180000000000000000e+02
9.170000000000000000e+02
9.170000000000000000e+02
9.160000000000000000e+02
9.190000000000000000e+02
9.130000000000000000e+02
9.200000000000000000e+02
9.120000000000000000e+02
9.160000000000000000e+02
9.200000000000000000e+02
9.090000000000000000e+02
9.190000000000000000e+02
9.180000000000000000e+02
9.100000000000000000e+02
9.200000000000000000e+02
9.170000000000000000e+02
9.180000000000000000e+02
9.140000000000000000e+02
9.190000000000000000e+02
9.180000000000000000e+02
9.100000000000000000e+02
9.220000000000000000e+02
9.070000000000000000e+02
9.190000000000000000e+02
9.190000000000000000e+02
9.160000000000000000e+02
9.180000000000000000e+02
9.200000000000000000e+02
9.120000000000000000e+02
9.200000000000000000e+02
9.180000000000000000e+02
9.160000000000000000e+02
9.210000000000000000e+02
9.130000000000000000e+02
9.210000000000000000e+02
9.170000000000000000e+02
9.190000000000000000e+02
9.200000000000000000e+02
9.120000000000000000e+02
8.850000000000000000e+02
0.000000000000000000e+00
0.000000000000000000e+00
0.000000000000000000e+00
0.000000000000000000e+00
0.000000000000000000e+00
0.000000000000000000e+00
0.000000000000000000e+00
0.000000000000000000e+00
0.000000000000000000e+00
0.000000000000000000e+00
0.000000000000000000e+00
0.000000000000000000e+00
0.000000000000000000e+00
0.000000000000000000e+00
0.000000000000000000e+00
0.000000000000000000e+00
0.000000000000000000e+00
0.000000000000000000e+00
0.000000000000000000e+00
0.000000000000000000e+00
0.000000000000000000e+00
0.000000000000000000e+00
0.000000000000000000e+00
0.000000000000000000e+00
0.000000000000000000e+00
0.000000000000000000e+00
0.000000000000000000e+00
0.000000000000000000e+00
0.000000000000000000e+00
0.000000000000000000e+00
0.000000000000000000e+00
0.000000000000000000e+00
0.000000000000000000e+00
0.000000000000000000e+00
0.000000000000000000e+00
0.000000000000000000e+00
0.000000000000000000e+00
0.000000000000000000e+00
0.000000000000000000e+00
0.000000000000000000e+00
0.000000000000000000e+00
8.440000000000000000e+02
9.170000000000000000e+02
8.870000000000000000e+02
9.050000000000000000e+02
8.850000000000000000e+02
8.930000000000000000e+02
9.050000000000000000e+02
9.010000000000000000e+02
8.530000000000000000e+02
9.050000000000000000e+02
9.030000000000000000e+02
8.800000000000000000e+02
8.790000000000000000e+02
9.040000000000000000e+02
9.030000000000000000e+02
8.820000000000000000e+02
9.000000000000000000e+02
9.080000000000000000e+02
8.910000000000000000e+02
8.880000000000000000e+02
9.100000000000000000e+02
9.000000000000000000e+02
8.880000000000000000e+02
9.040000000000000000e+02
9.100000000000000000e+02
8.910000000000000000e+02
8.970000000000000000e+02
9.100000000000000000e+02
8.970000000000000000e+02
8.980000000000000000e+02
9.090000000000000000e+02
9.040000000000000000e+02
8.950000000000000000e+02
9.040000000000000000e+02
9.070000000000000000e+02
9.050000000000000000e+02
8.900000000000000000e+02
9.130000000000000000e+02
9.030000000000000000e+02
9.030000000000000000e+02
9.000000000000000000e+02
9.070000000000000000e+02
8.990000000000000000e+02
9.030000000000000000e+02
9.100000000000000000e+02
9.010000000000000000e+02
9.030000000000000000e+02
9.080000000000000000e+02
9.060000000000000000e+02
8.940000000000000000e+02
9.130000000000000000e+02
9.040000000000000000e+02
9.010000000000000000e+02
9.110000000000000000e+02
8.970000000000000000e+02
9.090000000000000000e+02
8.980000000000000000e+02
9.130000000000000000e+02
9.000000000000000000e+02
9.120000000000000000e+02
9.010000000000000000e+02
9.050000000000000000e+02
9.010000000000000000e+02
9.070000000000000000e+02
9.010000000000000000e+02
9.040000000000000000e+02
9.110000000000000000e+02
9.010000000000000000e+02
9.100000000000000000e+02
9.040000000000000000e+02
9.090000000000000000e+02
9.060000000000000000e+02
9.030000000000000000e+02
9.140000000000000000e+02
9.010000000000000000e+02
9.470000000000000000e+02
5.520000000000000000e+02
0.000000000000000000e+00
0.000000000000000000e+00
0.000000000000000000e+00
0.000000000000000000e+00
0.000000000000000000e+00
0.000000000000000000e+00
0.000000000000000000e+00
0.000000000000000000e+00
0.000000000000000000e+00
0.000000000000000000e+00
0.000000000000000000e+00
0.000000000000000000e+00
0.000000000000000000e+00
0.000000000000000000e+00
0.000000000000000000e+00
0.000000000000000000e+00
0.000000000000000000e+00
0.000000000000000000e+00
0.000000000000000000e+00
0.000000000000000000e+00
0.000000000000000000e+00
0.000000000000000000e+00
0.000000000000000000e+00
0.000000000000000000e+00
0.000000000000000000e+00
0.000000000000000000e+00
0.000000000000000000e+00
0.000000000000000000e+00
0.000000000000000000e+00
0.000000000000000000e+00
0.000000000000000000e+00
0.000000000000000000e+00
0.000000000000000000e+00
0.000000000000000000e+00
0.000000000000000000e+00
0.000000000000000000e+00
0.000000000000000000e+00
0.000000000000000000e+00
0.000000000000000000e+00
0.000000000000000000e+00
0.000000000000000000e+00
