0.000000000000000000e+00
0.000000000000000000e+00
0.000000000000000000e+00
0.000000000000000000e+00
0.000000000000000000e+00
0.000000000000000000e+00
0.000000000000000000e+00
0.000000000000000000e+00
0.000000000000000000e+00
0.000000000000000000e+00
0.000000000000000000e+00
0.000000000000000000e+00
0.000000000000000000e+00
0.000000000000000000e+00
0.000000000000000000e+00
0.000000000000000000e+00
0.000000000000000000e+00
0.000000000000000000e+00
0.000000000000000000e+00
0.000000000000000000e+00
0.000000000000000000e+00
0.000000000000000000e+00
0.000000000000000000e+00
0.000000000000000000e+00
0.000000000000000000e+00
0.000000000000000000e+00
0.000000000000000000e+00
0.000000000000000000e+00
0.000000000000000000e+00
0.000000000000000000e+00
0.000000000000000000e+00
0.000000000000000000e+00
0.000000000000000000e+00
0.000000000000000000e+00
0.000000000000000000e+00
0.000000000000000000e+00
0.000000000000000000e+00
0.000000000000000000e+00
0.000000000000000000e+00
0.000000000000000000e+00
0.000000000000000000e+00
1.220000000000000000e+02
2.430000000000000000e+02
7.140000000000000000e+02
6.660000000000000000e+02
7.320000000000000000e+02
7.250000000000000000e+02
7.330000000000000000e+02
7.160000000000000000e+02
7.290000000000000000e+02
8.170000000000000000e+02
8.590000000000000000e+02
7.960000000000000000e+02
7.640000000000000000e+02
7.950000000000000000e+02
8.540000000000000000e+02
7.940000000000000000e+02
8.070000000000000000e+02
8.140000000000000000e+02
8.270000000000000000e+02
8.270000000000000000e+02
7.990000000000000000e+02
8.350000000000000000e+02
8.310000000000000000e+02
8.250000000000000000e+02
8.220000000000000000e+02
8.250000000000000000e+02
8.420000000000000000e+02
8.200000000000000000e+02
8.330000000000000000e+02
8.330000000000000000e+02
8.370000000000000000e+02
8.330000000000000000e+02
8.320000000000000000e+02
8.370000000000000000e+02
8.370000000000000000e+02
8.310000000000000000e+02
8.440000000000000000e+02
8.320000000000000000e+02
8.420000000000000000e+02
8.320000000000000000e+02
8.460000000000000000e+02
8.310000000000000000e+02
8.410000000000000000e+02
8.420000000000000000e+02
8.440000000000000000e+02
8.390000000000000000e+02
8.430000000000000000e+02
8.410000000000000000e+02
8.450000000000000000e+02
8.410000000000000000e+02
8.450000000000000000e+02
8.420000000000000000e+02
8.490000000000000000e+02
8.410000000000000000e+02
8.480000000000000000e+02
8.450000000000000000e+02
8.460000000000000000e+02
8.480000000000000000e+02
8.490000000000000000e+02
8.460000000000000000e+02
8.490000000000000000e+02
8.470000000000000000e+02
8.490000000000000000e+02
8.470000000000000000e+02
8.500000000000000000e+02
8.500000000000000000e+02
8.480000000000000000e+02
8.510000000000000000e+02
8.520000000000000000e+02
8.490000000000000000e+02
8.500000000000000000e+02
8.510000000000000000e+02
8.520000000000000000e+02
8.520000000000000000e+02
8.520000000000000000e+02
8.530000000000000000e+02
8.530000000000000000e+02
8.550000000000000000e+02
8.520000000000000000e+02
8.540000000000000000e+02
8.520000000000000000e+02
8.550000000000000000e+02
8.520000000000000000e+02
8.100000000000000000e+02
6.490000000000000000e+02
0.000000000000000000e+00
0.000000000000000000e+00
0.000000000000000000e+00
0.000000000000000000e+00
0.000000000000000000e+00
0.000000000000000000e+00
0.000000000000000000e+00
0.000000000000000000e+00
0.000000000000000000e+00
0.000000000000000000e+00
0.000000000000000000e+00
0.000000000000000000e+00
0.000000000000000000e+00
0.000000000000000000e+00
0.000000000000000000e+00
0.000000000000000000e+00
0.000000000000000000e+00
0.000000000000000000e+00
0.000000000000000000e+00
0.000000000000000000e+00
0.000000000000000000e+00
0.000000000000000000e+00
0.000000000000000000e+00
0.000000000000000000e+00
0.000000000000000000e+00
0.000000000000000000e+00
0.000000000000000000e+00
0.000000000000000000e+00
0.000000000000000000e+00
0.000000000000000000e+00
0.000000000000000000e+00
0.000000000000000000e+00
0.000000000000000000e+00
0.000000000000000000e+00
0.000000000000000000e+00
0.000000000000000000e+00
0.000000000000000000e+00
0.000000000000000000e+00
0.000000000000000000e+00
0.000000000000000000e+00
0.000000000000000000e+00
0.000000000000000000e+00
0.000000000000000000e+00
0.000000000000000000e+00
0.000000000000000000e+00
0.000000000000000000e+00
0.000000000000000000e+00
0.000000000000000000e+00
0.000000000000000000e+00
0.000000000000000000e+00
0.000000000000000000e+00
5.650000000000000000e+02
7.440000000000000000e+02
7.420000000000000000e+02
7.930000000000000000e+02
7.940000000000000000e+02
7.950000000000000000e+02
8.400000000000000000e+02
9.150000000000000000e+02
9.430000000000000000e+02
8.470000000000000000e+02
8.430000000000000000e+02
9.370000000000000000e+02
9.280000000000000000e+02
8.590000000000000000e+02
9.040000000000000000e+02
9.300000000000000000e+02
9.150000000000000000e+02
8.750000000000000000e+02
9.260000000000000000e+02
9.260000000000000000e+02
9.000000000000000000e+02
9.070000000000000000e+02
9.310000000000000000e+02
9.190000000000000000e+02
8.930000000000000000e+02
9.280000000000000000e+02
9.300000000000000000e+02
9.110000000000000000e+02
9.130000000000000000e+02
9.330000000000000000e+02
9.190000000000000000e+02
9.100000000000000000e+02
9.260000000000000000e+02
9.320000000000000000e+02
9.120000000000000000e+02
9.210000000000000000e+02
9.320000000000000000e+02
9.250000000000000000e+02
9.120000000000000000e+02
9.300000000000000000e+02
9.320000000000000000e+02
9.200000000000000000e+02
9.230000000000000000e+02
9.330000000000000000e+02
9.240000000000000000e+02
9.220000000000000000e+02
9.310000000000000000e+02
9.280000000000000000e+02
9.240000000000000000e+02
9.270000000000000000e+02
9.320000000000000000e+02
9.250000000000000000e+02
9.250000000000000000e+02
9.330000000000000000e+02
9.300000000000000000e+02
9.250000000000000000e+02
9.290000000000000000e+02
9.340000000000000000e+02
9.250000000000000000e+02
9.300000000000000000e+02
9.290000000000000000e+02
9.310000000000000000e+02
9.220000000000000000e+02
9.340000000000000000e+02
9.270000000000000000e+02
9.280000000000000000e+02
9.310000000000000000e+02
9.310000000000000000e+02
9.290000000000000000e+02
9.300000000000000000e+02
9.330000000000000000e+02
9.270000000000000000e+02
9.330000000000000000e+02
9.300000000000000000e+02
9.310000000000000000e+02
9.290000000000000000e+02
9.320000000000000000e+02
9.300000000000000000e+02
9.310000000000000000e+02
8.700000000000000000e+02
6.870000000000000000e+02
0.000000000000000000e+00
0.000000000000000000e+00
0.000000000000000000e+00
0.000000000000000000e+00
0.000000000000000000e+00
0.000000000000000000e+00
0.000000000000000000e+00
0.000000000000000000e+00
0.000000000000000000e+00
0.000000000000000000e+00
0.000000000000000000e+00
0.000000000000000000e+00
0.000000000000000000e+00
0.000000000000000000e+00
0.000000000000000000e+00
0.000000000000000000e+00
0.000000000000000000e+00
0.000000000000000000e+00
0.000000000000000000e+00
0.000000000000000000e+00
0.000000000000000000e+00
0.000000000000000000e+00
0.000000000000000000e+00
0.000000000000000000e+00
0.000000000000000000e+00
0.000000000000000000e+00
0.000000000000000000e+00
0.000000000000000000e+00
0.000000000000000000e+00
0.000000000000000000e+00
0.000000000000000000e+00
0.000000000000000000e+00
0.000000000000000000e+00
0.000000000000000000e+00
0.000000000000000000e+00
0.000000000000000000e+00
0.000000000000000000e+00
0.000000000000000000e+00
0.000000000000000000e+00
0.000000000000000000e+00
0.000000000000000000e+00
0.000000000000000000e+00
