0.000000000000000000e+00
0.000000000000000000e+00
0.000000000000000000e+00
0.000000000000000000e+00
0.000000000000000000e+00
0.000000000000000000e+00
0.000000000000000000e+00
0.000000000000000000e+00
0.000000000000000000e+00
0.000000000000000000e+00
0.000000000000000000e+00
0.000000000000000000e+00
0.000000000000000000e+00
0.000000000000000000e+00
0.000000000000000000e+00
0.000000000000000000e+00
0.000000000000000000e+00
0.000000000000000000e+00
6.340000000000000000e+02
7.460000000000000000e+02
9.020000000000000000e+02
6.110000000000000000e+02
6.400000000000000000e+02
7.870000000000000000e+02
7.600000000000000000e+02
8.520000000000000000e+02
8.900000000000000000e+02
8.680000000000000000e+02
8.190000000000000000e+02
9.180000000000000000e+02
8.660000000000000000e+02
8.730000000000000000e+02
8.880000000000000000e+02
8.990000000000000000e+02
8.560000000000000000e+02
9.030000000000000000e+02
8.890000000000000000e+02
8.750000000000000000e+02
8.910000000000000000e+02
9.020000000000000000e+02
8.710000000000000000e+02
8.910000000000000000e+02
8.990000000000000000e+02
8.670000000000000000e+02
8.930000000000000000e+02
8.960000000000000000e+02
8.860000000000000000e+02
8.880000000000000000e+02
8.960000000000000000e+02
8.850000000000000000e+02
8.940000000000000000e+02
8.970000000000000000e+02
8.850000000000000000e+02
8.870000000000000000e+02
8.880000000000000000e+02
8.970000000000000000e+02
8.780000000000000000e+02
9.080000000000000000e+02
8.860000000000000000e+02
8.860000000000000000e+02
9.060000000000000000e+02
8.860000000000000000e+02
9.010000000000000000e+02
8.930000000000000000e+02
8.990000000000000000e+02
8.880000000000000000e+02
9.030000000000000000e+02
8.940000000000000000e+02
8.930000000000000000e+02
9.040000000000000000e+02
8.970000000000000000e+02
8.950000000000000000e+02
9.020000000000000000e+02
8.980000000000000000e+02
8.940000000000000000e+02
9.060000000000000000e+02
8.910000000000000000e+02
9.020000000000000000e+02
8.980000000000000000e+02
9.020000000000000000e+02
8.940000000000000000e+02
9.040000000000000000e+02
8.980000000000000000e+02
9.000000000000000000e+02
9.030000000000000000e+02
8.980000000000000000e+02
9.020000000000000000e+02
9.000000000000000000e+02
9.050000000000000000e+02
8.950000000000000000e+02
9.080000000000000000e+02
8.940000000000000000e+02
9.040000000000000000e+02
8.950000000000000000e+02
9.090000000000000000e+02
8.900000000000000000e+02
9.090000000000000000e+02
9.240000000000000000e+02
1.000000000000000000e+00
0.000000000000000000e+00
0.000000000000000000e+00
0.000000000000000000e+00
0.000000000000000000e+00
0.000000000000000000e+00
0.000000000000000000e+00
0.000000000000000000e+00
0.000000000000000000e+00
0.000000000000000000e+00
0.000000000000000000e+00
0.000000000000000000e+00
0.000000000000000000e+00
0.000000000000000000e+00
0.000000000000000000e+00
0.000000000000000000e+00
0.000000000000000000e+00
0.000000000000000000e+00
0.000000000000000000e+00
0.000000000000000000e+00
0.000000000000000000e+00
0.000000000000000000e+00
0.000000000000000000e+00
0.000000000000000000e+00
0.000000000000000000e+00
0.000000000000000000e+00
0.000000000000000000e+00
0.000000000000000000e+00
0.000000000000000000e+00
0.000000000000000000e+00
0.000000000000000000e+00
0.000000000000000000e+00
0.000000000000000000e+00
0.000000000000000000e+00
0.000000000000000000e+00
0.000000000000000000e+00
0.000000000000000000e+00
0.000000000000000000e+00
0.000000000000000000e+00
6.760000000000000000e+02
8.010000000000000000e+02
8.600000000000000000e+02
6.910000000000000000e+02
6.280000000000000000e+02
2.430000000000000000e+02
6.930000000000000000e+02
6.240000000000000000e+02
6.080000000000000000e+02
5.830000000000000000e+02
7.390000000000000000e+02
6.650000000000000000e+02
5.480000000000000000e+02
7.180000000000000000e+02
6.520000000000000000e+02
5.950000000000000000e+02
6.890000000000000000e+02
6.970000000000000000e+02
6.170000000000000000e+02
6.630000000000000000e+02
7.090000000000000000e+02
6.780000000000000000e+02
6.920000000000000000e+02
6.960000000000000000e+02
6.050000000000000000e+02
6.750000000000000000e+02
7.070000000000000000e+02
6.160000000000000000e+02
6.400000000000000000e+02
7.110000000000000000e+02
6.530000000000000000e+02
6.430000000000000000e+02
7.010000000000000000e+02
6.620000000000000000e+02
6.430000000000000000e+02
6.890000000000000000e+02
6.570000000000000000e+02
6.540000000000000000e+02
6.860000000000000000e+02
6.670000000000000000e+02
6.520000000000000000e+02
6.920000000000000000e+02
6.720000000000000000e+02
6.480000000000000000e+02
6.830000000000000000e+02
6.890000000000000000e+02
6.460000000000000000e+02
6.780000000000000000e+02
6.880000000000000000e+02
6.630000000000000000e+02
6.810000000000000000e+02
6.740000000000000000e+02
6.590000000000000000e+02
6.830000000000000000e+02
6.790000000000000000e+02
6.490000000000000000e+02
6.810000000000000000e+02
6.840000000000000000e+02
6.630000000000000000e+02
6.720000000000000000e+02
6.850000000000000000e+02
6.700000000000000000e+02
6.810000000000000000e+02
6.860000000000000000e+02
6.620000000000000000e+02
6.720000000000000000e+02
6.970000000000000000e+02
6.650000000000000000e+02
6.700000000000000000e+02
6.780000000000000000e+02
6.840000000000000000e+02
6.680000000000000000e+02
6.750000000000000000e+02
6.490000000000000000e+02
6.720000000000000000e+02
6.920000000000000000e+02
6.620000000000000000e+02
6.740000000000000000e+02
6.830000000000000000e+02
6.720000000000000000e+02
6.740000000000000000e+02
6.850000000000000000e+02
6.750000000000000000e+02
6.740000000000000000e+02
6.930000000000000000e+02
6.670000000000000000e+02
6.720000000000000000e+02
6.980000000000000000e+02
6.740000000000000000e+02
6.760000000000000000e+02
6.790000000000000000e+02
6.760000000000000000e+02
6.730000000000000000e+02
6.910000000000000000e+02
6.810000000000000000e+02
6.650000000000000000e+02
6.970000000000000000e+02
6.800000000000000000e+02
6.710000000000000000e+02
6.840000000000000000e+02
6.850000000000000000e+02
6.770000000000000000e+02
6.820000000000000000e+02
6.870000000000000000e+02
6.730000000000000000e+02
6.850000000000000000e+02
6.820000000000000000e+02
6.790000000000000000e+02
6.940000000000000000e+02
6.800000000000000000e+02
6.710000000000000000e+02
6.850000000000000000e+02
6.780000000000000000e+02
6.850000000000000000e+02
6.720000000000000000e+02
6.940000000000000000e+02
5.500000000000000000e+01
0.000000000000000000e+00
0.000000000000000000e+00
0.000000000000000000e+00
0.000000000000000000e+00
0.000000000000000000e+00
0.000000000000000000e+00
0.000000000000000000e+00
0.000000000000000000e+00
0.000000000000000000e+00
0.000000000000000000e+00
0.000000000000000000e+00
0.000000000000000000e+00
0.000000000000000000e+00
0.000000000000000000e+00
0.000000000000000000e+00
0.000000000000000000e+00
0.000000000000000000e+00
0.000000000000000000e+00
0.000000000000000000e+00
0.000000000000000000e+00
0.000000000000000000e+00
0.000000000000000000e+00
0.000000000000000000e+00
0.000000000000000000e+00
0.000000000000000000e+00
0.000000000000000000e+00
0.000000000000000000e+00
0.000000000000000000e+00
0.000000000000000000e+00
0.000000000000000000e+00
0.000000000000000000e+00
0.000000000000000000e+00
0.000000000000000000e+00
0.000000000000000000e+00
0.000000000000000000e+00
0.000000000000000000e+00
0.000000000000000000e+00
0.000000000000000000e+00
0.000000000000000000e+00
0.000000000000000000e+00
0.000000000000000000e+00
0.000000000000000000e+00
0.000000000000000000e+00
0.000000000000000000e+00
0.000000000000000000e+00
0.000000000000000000e+00
