0.000000000000000000e+00
0.000000000000000000e+00
0.000000000000000000e+00
0.000000000000000000e+00
0.000000000000000000e+00
0.000000000000000000e+00
0.000000000000000000e+00
0.000000000000000000e+00
0.000000000000000000e+00
0.000000000000000000e+00
0.000000000000000000e+00
0.000000000000000000e+00
0.000000000000000000e+00
0.000000000000000000e+00
0.000000000000000000e+00
0.000000000000000000e+00
0.000000000000000000e+00
0.000000000000000000e+00
0.000000000000000000e+00
0.000000000000000000e+00
0.000000000000000000e+00
0.000000000000000000e+00
0.000000000000000000e+00
0.000000000000000000e+00
0.000000000000000000e+00
0.000000000000000000e+00
0.000000000000000000e+00
0.000000000000000000e+00
0.000000000000000000e+00
0.000000000000000000e+00
0.000000000000000000e+00
0.000000000000000000e+00
0.000000000000000000e+00
0.000000000000000000e+00
0.000000000000000000e+00
0.000000000000000000e+00
0.000000000000000000e+00
0.000000000000000000e+00
0.000000000000000000e+00
0.000000000000000000e+00
0.000000000000000000e+00
0.000000000000000000e+00
0.000000000000000000e+00
0.000000000000000000e+00
0.000000000000000000e+00
0.000000000000000000e+00
0.000000000000000000e+00
0.000000000000000000e+00
7.680000000000000000e+02
9.230000000000000000e+02
9.290000000000000000e+02
9.280000000000000000e+02
6.370000000000000000e+02
9.250000000000000000e+02
8.770000000000000000e+02
8.730000000000000000e+02
8.830000000000000000e+02
8.850000000000000000e+02
9.150000000000000000e+02
8.190000000000000000e+02
8.960000000000000000e+02
9.060000000000000000e+02
8.970000000000000000e+02
8.700000000000000000e+02
9.050000000000000000e+02
9.110000000000000000e+02
8.600000000000000000e+02
9.080000000000000000e+02
9.000000000000000000e+02
8.890000000000000000e+02
8.950000000000000000e+02
9.130000000000000000e+02
8.620000000000000000e+02
9.080000000000000000e+02
9.030000000000000000e+02
8.970000000000000000e+02
8.920000000000000000e+02
9.120000000000000000e+02
8.840000000000000000e+02
9.010000000000000000e+02
9.080000000000000000e+02
8.910000000000000000e+02
9.030000000000000000e+02
9.030000000000000000e+02
9.040000000000000000e+02
8.930000000000000000e+02
9.080000000000000000e+02
8.970000000000000000e+02
9.050000000000000000e+02
8.980000000000000000e+02
9.050000000000000000e+02
9.020000000000000000e+02
9.020000000000000000e+02
9.050000000000000000e+02
9.040000000000000000e+02
9.020000000000000000e+02
9.000000000000000000e+02
9.050000000000000000e+02
9.040000000000000000e+02
9.060000000000000000e+02
8.980000000000000000e+02
9.050000000000000000e+02
9.000000000000000000e+02
9.110000000000000000e+02
8.910000000000000000e+02
9.110000000000000000e+02
9.020000000000000000e+02
9.030000000000000000e+02
9.060000000000000000e+02
9.040000000000000000e+02
9.070000000000000000e+02
8.970000000000000000e+02
9.090000000000000000e+02
9.040000000000000000e+02
9.060000000000000000e+02
9.060000000000000000e+02
9.050000000000000000e+02
9.020000000000000000e+02
9.060000000000000000e+02
9.090000000000000000e+02
9.340000000000000000e+02
2.080000000000000000e+02
0.000000000000000000e+00
0.000000000000000000e+00
0.000000000000000000e+00
0.000000000000000000e+00
0.000000000000000000e+00
0.000000000000000000e+00
0.000000000000000000e+00
0.000000000000000000e+00
0.000000000000000000e+00
0.000000000000000000e+00
0.000000000000000000e+00
0.000000000000000000e+00
0.000000000000000000e+00
0.000000000000000000e+00
0.000000000000000000e+00
0.000000000000000000e+00
0.000000000000000000e+00
0.000000000000000000e+00
0.000000000000000000e+00
0.000000000000000000e+00
0.000000000000000000e+00
0.000000000000000000e+00
0.000000000000000000e+00
0.000000000000000000e+00
0.000000000000000000e+00
0.000000000000000000e+00
0.000000000000000000e+00
0.000000000000000000e+00
0.000000000000000000e+00
0.000000000000000000e+00
0.000000000000000000e+00
0.000000000000000000e+00
0.000000000000000000e+00
0.000000000000000000e+00
0.000000000000000000e+00
0.000000000000000000e+00
0.000000000000000000e+00
0.000000000000000000e+00
0.000000000000000000e+00
2.230000000000000000e+02
9.090000000000000000e+02
9.390000000000000000e+02
9.410000000000000000e+02
9.430000000000000000e+02
9.390000000000000000e+02
9.440000000000000000e+02
9.580000000000000000e+02
9.590000000000000000e+02
9.490000000000000000e+02
9.550000000000000000e+02
9.520000000000000000e+02
9.600000000000000000e+02
9.610000000000000000e+02
9.500000000000000000e+02
9.560000000000000000e+02
9.590000000000000000e+02
9.590000000000000000e+02
9.610000000000000000e+02
9.550000000000000000e+02
9.560000000000000000e+02
9.620000000000000000e+02
9.590000000000000000e+02
9.610000000000000000e+02
9.590000000000000000e+02
9.570000000000000000e+02
9.620000000000000000e+02
9.600000000000000000e+02
9.570000000000000000e+02
9.630000000000000000e+02
9.600000000000000000e+02
9.620000000000000000e+02
9.600000000000000000e+02
9.580000000000000000e+02
9.620000000000000000e+02
9.610000000000000000e+02
9.610000000000000000e+02
9.610000000000000000e+02
9.600000000000000000e+02
9.630000000000000000e+02
9.620000000000000000e+02
9.600000000000000000e+02
9.610000000000000000e+02
9.610000000000000000e+02
9.620000000000000000e+02
9.620000000000000000e+02
9.610000000000000000e+02
9.620000000000000000e+02
9.620000000000000000e+02
9.620000000000000000e+02
9.620000000000000000e+02
9.610000000000000000e+02
9.620000000000000000e+02
9.630000000000000000e+02
9.620000000000000000e+02
9.620000000000000000e+02
9.630000000000000000e+02
9.630000000000000000e+02
9.630000000000000000e+02
9.610000000000000000e+02
9.620000000000000000e+02
9.630000000000000000e+02
9.630000000000000000e+02
9.620000000000000000e+02
9.620000000000000000e+02
9.630000000000000000e+02
9.630000000000000000e+02
9.630000000000000000e+02
9.630000000000000000e+02
9.620000000000000000e+02
9.630000000000000000e+02
9.630000000000000000e+02
9.660000000000000000e+02
9.230000000000000000e+02
0.000000000000000000e+00
0.000000000000000000e+00
0.000000000000000000e+00
0.000000000000000000e+00
0.000000000000000000e+00
0.000000000000000000e+00
0.000000000000000000e+00
0.000000000000000000e+00
0.000000000000000000e+00
0.000000000000000000e+00
0.000000000000000000e+00
0.000000000000000000e+00
0.000000000000000000e+00
0.000000000000000000e+00
0.000000000000000000e+00
0.000000000000000000e+00
0.000000000000000000e+00
0.000000000000000000e+00
0.000000000000000000e+00
0.000000000000000000e+00
0.000000000000000000e+00
0.000000000000000000e+00
0.000000000000000000e+00
0.000000000000000000e+00
0.000000000000000000e+00
0.000000000000000000e+00
0.000000000000000000e+00
0.000000000000000000e+00
0.000000000000000000e+00
0.000000000000000000e+00
0.000000000000000000e+00
0.000000000000000000e+00
0.000000000000000000e+00
0.000000000000000000e+00
0.000000000000000000e+00
0.000000000000000000e+00
0.000000000000000000e+00
0.000000000000000000e+00
0.000000000000000000e+00
0.000000000000000000e+00
0.000000000000000000e+00
0.000000000000000000e+00
0.000000000000000000e+00
0.000000000000000000e+00
0.000000000000000000e+00
0.000000000000000000e+00
0.000000000000000000e+00
0.000000000000000000e+00
0.000000000000000000e+00
0.000000000000000000e+00
0.000000000000000000e+00
0.000000000000000000e+00
0.000000000000000000e+00
0.000000000000000000e+00
0.000000000000000000e+00
0.000000000000000000e+00
0.000000000000000000e+00
0.000000000000000000e+00
0.000000000000000000e+00
0.000000000000000000e+00
0.000000000000000000e+00
0.000000000000000000e+00
0.000000000000000000e+00
0.000000000000000000e+00
0.000000000000000000e+00
