0.000000000000000000e+00
0.000000000000000000e+00
0.000000000000000000e+00
0.000000000000000000e+00
0.000000000000000000e+00
0.000000000000000000e+00
0.000000000000000000e+00
0.000000000000000000e+00
0.000000000000000000e+00
0.000000000000000000e+00
0.000000000000000000e+00
0.000000000000000000e+00
0.000000000000000000e+00
0.000000000000000000e+00
0.000000000000000000e+00
0.000000000000000000e+00
0.000000000000000000e+00
0.000000000000000000e+00
0.000000000000000000e+00
0.000000000000000000e+00
0.000000000000000000e+00
0.000000000000000000e+00
0.000000000000000000e+00
0.000000000000000000e+00
0.000000000000000000e+00
0.000000000000000000e+00
0.000000000000000000e+00
0.000000000000000000e+00
0.000000000000000000e+00
0.000000000000000000e+00
0.000000000000000000e+00
0.000000000000000000e+00
0.000000000000000000e+00
0.000000000000000000e+00
8.250000000000000000e+02
8.710000000000000000e+02
9.240000000000000000e+02
8.930000000000000000e+02
8.140000000000000000e+02
8.640000000000000000e+02
8.960000000000000000e+02
9.050000000000000000e+02
8.490000000000000000e+02
8.650000000000000000e+02
8.830000000000000000e+02
8.370000000000000000e+02
8.750000000000000000e+02
8.780000000000000000e+02
8.510000000000000000e+02
8.750000000000000000e+02
8.820000000000000000e+02
8.600000000000000000e+02
8.640000000000000000e+02
8.880000000000000000e+02
8.590000000000000000e+02
8.730000000000000000e+02
8.830000000000000000e+02
8.800000000000000000e+02
8.660000000000000000e+02
8.820000000000000000e+02
8.830000000000000000e+02
8.660000000000000000e+02
8.820000000000000000e+02
8.830000000000000000e+02
8.750000000000000000e+02
8.780000000000000000e+02
8.860000000000000000e+02
8.710000000000000000e+02
8.810000000000000000e+02
8.860000000000000000e+02
8.790000000000000000e+02
8.810000000000000000e+02
8.850000000000000000e+02
8.810000000000000000e+02
8.790000000000000000e+02
8.860000000000000000e+02
8.810000000000000000e+02
8.810000000000000000e+02
8.860000000000000000e+02
8.850000000000000000e+02
8.790000000000000000e+02
8.850000000000000000e+02
8.860000000000000000e+02
8.810000000000000000e+02
8.870000000000000000e+02
8.840000000000000000e+02
8.840000000000000000e+02
8.830000000000000000e+02
8.880000000000000000e+02
8.750000000000000000e+02
8.880000000000000000e+02
8.790000000000000000e+02
8.870000000000000000e+02
8.800000000000000000e+02
8.890000000000000000e+02
8.780000000000000000e+02
8.870000000000000000e+02
8.870000000000000000e+02
8.840000000000000000e+02
8.890000000000000000e+02
8.840000000000000000e+02
7.320000000000000000e+02
0.000000000000000000e+00
2.200000000000000000e+01
0.000000000000000000e+00
0.000000000000000000e+00
0.000000000000000000e+00
0.000000000000000000e+00
0.000000000000000000e+00
0.000000000000000000e+00
0.000000000000000000e+00
0.000000000000000000e+00
0.000000000000000000e+00
0.000000000000000000e+00
0.000000000000000000e+00
0.000000000000000000e+00
0.000000000000000000e+00
0.000000000000000000e+00
0.000000000000000000e+00
0.000000000000000000e+00
0.000000000000000000e+00
0.000000000000000000e+00
0.000000000000000000e+00
0.000000000000000000e+00
0.000000000000000000e+00
0.000000000000000000e+00
0.000000000000000000e+00
0.000000000000000000e+00
0.000000000000000000e+00
0.000000000000000000e+00
0.000000000000000000e+00
0.000000000000000000e+00
0.000000000000000000e+00
0.000000000000000000e+00
0.000000000000000000e+00
0.000000000000000000e+00
0.000000000000000000e+00
0.000000000000000000e+00
0.000000000000000000e+00
0.000000000000000000e+00
0.000000000000000000e+00
0.000000000000000000e+00
2.830000000000000000e+02
1.000000000000000000e+02
6.030000000000000000e+02
7.820000000000000000e+02
7.910000000000000000e+02
8.050000000000000000e+02
8.090000000000000000e+02
8.510000000000000000e+02
8.130000000000000000e+02
7.710000000000000000e+02
8.340000000000000000e+02
8.250000000000000000e+02
8.070000000000000000e+02
7.930000000000000000e+02
8.330000000000000000e+02
8.350000000000000000e+02
7.860000000000000000e+02
8.220000000000000000e+02
8.410000000000000000e+02
8.220000000000000000e+02
8.020000000000000000e+02
8.370000000000000000e+02
8.390000000000000000e+02
7.930000000000000000e+02
8.330000000000000000e+02
8.390000000000000000e+02
8.260000000000000000e+02
8.210000000000000000e+02
8.330000000000000000e+02
8.380000000000000000e+02
8.100000000000000000e+02
8.360000000000000000e+02
8.330000000000000000e+02
8.360000000000000000e+02
8.260000000000000000e+02
8.380000000000000000e+02
8.280000000000000000e+02
8.360000000000000000e+02
8.370000000000000000e+02
8.300000000000000000e+02
8.400000000000000000e+02
8.350000000000000000e+02
8.310000000000000000e+02
8.400000000000000000e+02
8.370000000000000000e+02
8.360000000000000000e+02
8.380000000000000000e+02
8.390000000000000000e+02
8.350000000000000000e+02
8.350000000000000000e+02
8.400000000000000000e+02
8.370000000000000000e+02
8.370000000000000000e+02
8.400000000000000000e+02
8.390000000000000000e+02
8.380000000000000000e+02
8.420000000000000000e+02
8.370000000000000000e+02
8.390000000000000000e+02
8.410000000000000000e+02
8.410000000000000000e+02
8.370000000000000000e+02
8.380000000000000000e+02
8.410000000000000000e+02
8.330000000000000000e+02
8.400000000000000000e+02
8.390000000000000000e+02
8.390000000000000000e+02
8.350000000000000000e+02
8.440000000000000000e+02
8.350000000000000000e+02
8.440000000000000000e+02
8.370000000000000000e+02
8.410000000000000000e+02
8.410000000000000000e+02
8.370000000000000000e+02
8.440000000000000000e+02
8.380000000000000000e+02
8.440000000000000000e+02
8.700000000000000000e+02
6.870000000000000000e+02
0.000000000000000000e+00
0.000000000000000000e+00
0.000000000000000000e+00
0.000000000000000000e+00
0.000000000000000000e+00
0.000000000000000000e+00
0.000000000000000000e+00
0.000000000000000000e+00
0.000000000000000000e+00
0.000000000000000000e+00
0.000000000000000000e+00
0.000000000000000000e+00
0.000000000000000000e+00
0.000000000000000000e+00
0.000000000000000000e+00
0.000000000000000000e+00
0.000000000000000000e+00
0.000000000000000000e+00
0.000000000000000000e+00
0.000000000000000000e+00
0.000000000000000000e+00
0.000000000000000000e+00
0.000000000000000000e+00
0.000000000000000000e+00
0.000000000000000000e+00
0.000000000000000000e+00
0.000000000000000000e+00
0.000000000000000000e+00
0.000000000000000000e+00
0.000000000000000000e+00
0.000000000000000000e+00
0.000000000000000000e+00
0.000000000000000000e+00
0.000000000000000000e+00
0.000000000000000000e+00
0.000000000000000000e+00
0.000000000000000000e+00
0.000000000000000000e+00
0.000000000000000000e+00
0.000000000000000000e+00
0.000000000000000000e+00
0.000000000000000000e+00
0.000000000000000000e+00
0.000000000000000000e+00
0.000000000000000000e+00
0.000000000000000000e+00
0.000000000000000000e+00
0.000000000000000000e+00
0.000000000000000000e+00
0.000000000000000000e+00
0.000000000000000000e+00
0.000000000000000000e+00
0.000000000000000000e+00
0.000000000000000000e+00
0.000000000000000000e+00
0.000000000000000000e+00
0.000000000000000000e+00
0.000000000000000000e+00
0.000000000000000000e+00
0.000000000000000000e+00
0.000000000000000000e+00
0.000000000000000000e+00
0.000000000000000000e+00
0.000000000000000000e+00
0.000000000000000000e+00
0.000000000000000000e+00
0.000000000000000000e+00
0.000000000000000000e+00
0.000000000000000000e+00
0.000000000000000000e+00
0.000000000000000000e+00
0.000000000000000000e+00
0.000000000000000000e+00
0.000000000000000000e+00
0.000000000000000000e+00
0.000000000000000000e+00
0.000000000000000000e+00
