0.000000000000000000e+00
0.000000000000000000e+00
0.000000000000000000e+00
0.000000000000000000e+00
0.000000000000000000e+00
0.000000000000000000e+00
0.000000000000000000e+00
0.000000000000000000e+00
0.000000000000000000e+00
0.000000000000000000e+00
0.000000000000000000e+00
0.000000000000000000e+00
0.000000000000000000e+00
0.000000000000000000e+00
0.000000000000000000e+00
0.000000000000000000e+00
0.000000000000000000e+00
0.000000000000000000e+00
0.000000000000000000e+00
0.000000000000000000e+00
0.000000000000000000e+00
0.000000000000000000e+00
0.000000000000000000e+00
0.000000000000000000e+00
0.000000000000000000e+00
0.000000000000000000e+00
0.000000000000000000e+00
0.000000000000000000e+00
0.000000000000000000e+00
0.000000000000000000e+00
0.000000000000000000e+00
0.000000000000000000e+00
0.000000000000000000e+00
0.000000000000000000e+00
0.000000000000000000e+00
0.000000000000000000e+00
0.000000000000000000e+00
0.000000000000000000e+00
0.000000000000000000e+00
0.000000000000000000e+00
0.000000000000000000e+00
0.000000000000000000e+00
0.000000000000000000e+00
0.000000000000000000e+00
0.000000000000000000e+00
0.000000000000000000e+00
0.000000000000000000e+00
0.000000000000000000e+00
0.000000000000000000e+00
0.000000000000000000e+00
0.000000000000000000e+00
0.000000000000000000e+00
0.000000000000000000e+00
0.000000000000000000e+00
5.680000000000000000e+02
7.850000000000000000e+02
9.050000000000000000e+02
9.170000000000000000e+02
8.990000000000000000e+02
9.270000000000000000e+02
9.380000000000000000e+02
9.310000000000000000e+02
9.390000000000000000e+02
8.880000000000000000e+02
9.300000000000000000e+02
9.360000000000000000e+02
9.430000000000000000e+02
9.050000000000000000e+02
9.340000000000000000e+02
9.380000000000000000e+02
9.410000000000000000e+02
9.230000000000000000e+02
9.330000000000000000e+02
9.360000000000000000e+02
9.370000000000000000e+02
9.360000000000000000e+02
9.320000000000000000e+02
9.350000000000000000e+02
9.390000000000000000e+02
9.320000000000000000e+02
9.370000000000000000e+02
9.360000000000000000e+02
9.390000000000000000e+02
9.350000000000000000e+02
9.380000000000000000e+02
9.360000000000000000e+02
9.340000000000000000e+02
9.400000000000000000e+02
9.300000000000000000e+02
9.390000000000000000e+02
9.380000000000000000e+02
9.400000000000000000e+02
9.350000000000000000e+02
9.380000000000000000e+02
9.410000000000000000e+02
9.330000000000000000e+02
9.430000000000000000e+02
9.310000000000000000e+02
9.420000000000000000e+02
9.380000000000000000e+02
9.420000000000000000e+02
9.280000000000000000e+02
9.400000000000000000e+02
9.450000000000000000e+02
9.350000000000000000e+02
9.330000000000000000e+02
9.470000000000000000e+02
9.380000000000000000e+02
9.410000000000000000e+02
9.340000000000000000e+02
9.440000000000000000e+02
9.380000000000000000e+02
9.400000000000000000e+02
9.360000000000000000e+02
9.390000000000000000e+02
9.460000000000000000e+02
9.380000000000000000e+02
9.230000000000000000e+02
0.000000000000000000e+00
0.000000000000000000e+00
0.000000000000000000e+00
0.000000000000000000e+00
0.000000000000000000e+00
0.000000000000000000e+00
0.000000000000000000e+00
0.000000000000000000e+00
0.000000000000000000e+00
0.000000000000000000e+00
0.000000000000000000e+00
0.000000000000000000e+00
0.000000000000000000e+00
0.000000000000000000e+00
0.000000000000000000e+00
0.000000000000000000e+00
0.000000000000000000e+00
0.000000000000000000e+00
0.000000000000000000e+00
0.000000000000000000e+00
0.000000000000000000e+00
0.000000000000000000e+00
0.000000000000000000e+00
0.000000000000000000e+00
0.000000000000000000e+00
0.000000000000000000e+00
0.000000000000000000e+00
0.000000000000000000e+00
0.000000000000000000e+00
0.000000000000000000e+00
0.000000000000000000e+00
0.000000000000000000e+00
0.000000000000000000e+00
0.000000000000000000e+00
0.000000000000000000e+00
0.000000000000000000e+00
0.000000000000000000e+00
0.000000000000000000e+00
2.000000000000000000e+01
7.960000000000000000e+02
8.810000000000000000e+02
9.040000000000000000e+02
9.140000000000000000e+02
9.280000000000000000e+02
8.960000000000000000e+02
9.010000000000000000e+02
9.150000000000000000e+02
9.240000000000000000e+02
9.210000000000000000e+02
9.080000000000000000e+02
9.190000000000000000e+02
9.300000000000000000e+02
9.110000000000000000e+02
9.250000000000000000e+02
9.180000000000000000e+02
9.300000000000000000e+02
9.090000000000000000e+02
9.260000000000000000e+02
9.230000000000000000e+02
9.280000000000000000e+02
9.180000000000000000e+02
9.270000000000000000e+02
9.260000000000000000e+02
9.240000000000000000e+02
9.260000000000000000e+02
9.250000000000000000e+02
9.270000000000000000e+02
9.230000000000000000e+02
9.270000000000000000e+02
9.260000000000000000e+02
9.270000000000000000e+02
9.250000000000000000e+02
9.290000000000000000e+02
9.260000000000000000e+02
9.280000000000000000e+02
9.230000000000000000e+02
9.300000000000000000e+02
9.250000000000000000e+02
9.270000000000000000e+02
9.260000000000000000e+02
9.260000000000000000e+02
9.290000000000000000e+02
9.250000000000000000e+02
9.290000000000000000e+02
9.270000000000000000e+02
9.300000000000000000e+02
9.270000000000000000e+02
9.290000000000000000e+02
9.280000000000000000e+02
9.270000000000000000e+02
9.290000000000000000e+02
9.300000000000000000e+02
9.250000000000000000e+02
9.320000000000000000e+02
9.270000000000000000e+02
9.300000000000000000e+02
9.270000000000000000e+02
9.270000000000000000e+02
9.280000000000000000e+02
9.280000000000000000e+02
9.270000000000000000e+02
9.320000000000000000e+02
9.250000000000000000e+02
9.290000000000000000e+02
9.260000000000000000e+02
9.340000000000000000e+02
8.840000000000000000e+02
8.930000000000000000e+02
0.000000000000000000e+00
0.000000000000000000e+00
0.000000000000000000e+00
0.000000000000000000e+00
0.000000000000000000e+00
0.000000000000000000e+00
0.000000000000000000e+00
0.000000000000000000e+00
0.000000000000000000e+00
0.000000000000000000e+00
0.000000000000000000e+00
0.000000000000000000e+00
0.000000000000000000e+00
0.000000000000000000e+00
0.000000000000000000e+00
0.000000000000000000e+00
0.000000000000000000e+00
0.000000000000000000e+00
0.000000000000000000e+00
0.000000000000000000e+00
0.000000000000000000e+00
0.000000000000000000e+00
0.000000000000000000e+00
0.000000000000000000e+00
0.000000000000000000e+00
0.000000000000000000e+00
0.000000000000000000e+00
0.000000000000000000e+00
0.000000000000000000e+00
0.000000000000000000e+00
0.000000000000000000e+00
0.000000000000000000e+00
0.000000000000000000e+00
0.000000000000000000e+00
0.000000000000000000e+00
0.000000000000000000e+00
0.000000000000000000e+00
0.000000000000000000e+00
0.000000000000000000e+00
0.000000000000000000e+00
0.000000000000000000e+00
0.000000000000000000e+00
0.000000000000000000e+00
0.000000000000000000e+00
0.000000000000000000e+00
0.000000000000000000e+00
0.000000000000000000e+00
0.000000000000000000e+00
0.000000000000000000e+00
0.000000000000000000e+00
0.000000000000000000e+00
0.000000000000000000e+00
0.000000000000000000e+00
0.000000000000000000e+00
0.000000000000000000e+00
0.000000000000000000e+00
0.000000000000000000e+00
0.000000000000000000e+00
0.000000000000000000e+00
0.000000000000000000e+00
0.000000000000000000e+00
0.000000000000000000e+00
0.000000000000000000e+00
0.000000000000000000e+00
0.000000000000000000e+00
0.000000000000000000e+00
0.000000000000000000e+00
0.000000000000000000e+00
0.000000000000000000e+00
0.000000000000000000e+00
0.000000000000000000e+00
0.000000000000000000e+00
0.000000000000000000e+00
0.000000000000000000e+00
