0.000000000000000000e+00
0.000000000000000000e+00
0.000000000000000000e+00
0.000000000000000000e+00
0.000000000000000000e+00
0.000000000000000000e+00
0.000000000000000000e+00
0.000000000000000000e+00
0.000000000000000000e+00
0.000000000000000000e+00
0.000000000000000000e+00
0.000000000000000000e+00
0.000000000000000000e+00
0.000000000000000000e+00
0.000000000000000000e+00
0.000000000000000000e+00
0.000000000000000000e+00
0.000000000000000000e+00
0.000000000000000000e+00
0.000000000000000000e+00
0.000000000000000000e+00
0.000000000000000000e+00
0.000000000000000000e+00
0.000000000000000000e+00
0.000000000000000000e+00
0.000000000000000000e+00
0.000000000000000000e+00
0.000000000000000000e+00
0.000000000000000000e+00
0.000000000000000000e+00
2.600000000000000000e+01
6.500000000000000000e+02
8.830000000000000000e+02
8.300000000000000000e+02
4.030000000000000000e+02
5.150000000000000000e+02
7.520000000000000000e+02
8.110000000000000000e+02
8.370000000000000000e+02
8.510000000000000000e+02
8.920000000000000000e+02
8.310000000000000000e+02
8.010000000000000000e+02
8.560000000000000000e+02
8.880000000000000000e+02
8.730000000000000000e+02
8.620000000000000000e+02
8.580000000000000000e+02
8.710000000000000000e+02
8.850000000000000000e+02
8.780000000000000000e+02
8.600000000000000000e+02
8.740000000000000000e+02
8.850000000000000000e+02
8.790000000000000000e+02
8.710000000000000000e+02
8.800000000000000000e+02
8.850000000000000000e+02
8.790000000000000000e+02
8.790000000000000000e+02
8.830000000000000000e+02
8.840000000000000000e+02
8.850000000000000000e+02
8.760000000000000000e+02
8.830000000000000000e+02
8.870000000000000000e+02
8.850000000000000000e+02
8.780000000000000000e+02
8.880000000000000000e+02
8.850000000000000000e+02
8.820000000000000000e+02
8.860000000000000000e+02
8.850000000000000000e+02
8.850000000000000000e+02
8.860000000000000000e+02
8.850000000000000000e+02
8.870000000000000000e+02
8.880000000000000000e+02
8.830000000000000000e+02
8.860000000000000000e+02
8.880000000000000000e+02
8.860000000000000000e+02
8.850000000000000000e+02
8.880000000000000000e+02
8.880000000000000000e+02
8.850000000000000000e+02
8.880000000000000000e+02
8.880000000000000000e+02
8.880000000000000000e+02
8.880000000000000000e+02
8.880000000000000000e+02
8.890000000000000000e+02
8.890000000000000000e+02
8.900000000000000000e+02
8.830000000000000000e+02
8.900000000000000000e+02
8.880000000000000000e+02
8.900000000000000000e+02
8.880000000000000000e+02
8.870000000000000000e+02
8.910000000000000000e+02
8.880000000000000000e+02
8.920000000000000000e+02
8.840000000000000000e+02
8.930000000000000000e+02
8.860000000000000000e+02
8.930000000000000000e+02
9.050000000000000000e+02
1.680000000000000000e+02
0.000000000000000000e+00
0.000000000000000000e+00
0.000000000000000000e+00
0.000000000000000000e+00
0.000000000000000000e+00
0.000000000000000000e+00
0.000000000000000000e+00
0.000000000000000000e+00
0.000000000000000000e+00
0.000000000000000000e+00
0.000000000000000000e+00
0.000000000000000000e+00
0.000000000000000000e+00
0.000000000000000000e+00
0.000000000000000000e+00
0.000000000000000000e+00
0.000000000000000000e+00
0.000000000000000000e+00
0.000000000000000000e+00
0.000000000000000000e+00
0.000000000000000000e+00
0.000000000000000000e+00
0.000000000000000000e+00
0.000000000000000000e+00
0.000000000000000000e+00
0.000000000000000000e+00
0.000000000000000000e+00
0.000000000000000000e+00
0.000000000000000000e+00
0.000000000000000000e+00
0.000000000000000000e+00
0.000000000000000000e+00
0.000000000000000000e+00
0.000000000000000000e+00
0.000000000000000000e+00
0.000000000000000000e+00
0.000000000000000000e+00
0.000000000000000000e+00
0.000000000000000000e+00
0.000000000000000000e+00
0.000000000000000000e+00
4.910000000000000000e+02
8.050000000000000000e+02
8.140000000000000000e+02
5.500000000000000000e+02
4.980000000000000000e+02
7.260000000000000000e+02
7.130000000000000000e+02
5.750000000000000000e+02
5.920000000000000000e+02
7.300000000000000000e+02
5.990000000000000000e+02
6.360000000000000000e+02
6.810000000000000000e+02
6.610000000000000000e+02
6.110000000000000000e+02
6.730000000000000000e+02
6.700000000000000000e+02
6.380000000000000000e+02
6.720000000000000000e+02
6.760000000000000000e+02
6.490000000000000000e+02
6.710000000000000000e+02
6.770000000000000000e+02
6.590000000000000000e+02
6.700000000000000000e+02
6.810000000000000000e+02
6.720000000000000000e+02
6.660000000000000000e+02
6.830000000000000000e+02
6.740000000000000000e+02
6.660000000000000000e+02
6.830000000000000000e+02
6.780000000000000000e+02
6.640000000000000000e+02
6.830000000000000000e+02
6.810000000000000000e+02
6.730000000000000000e+02
6.830000000000000000e+02
6.810000000000000000e+02
6.700000000000000000e+02
6.850000000000000000e+02
6.840000000000000000e+02
6.740000000000000000e+02
6.830000000000000000e+02
6.860000000000000000e+02
6.790000000000000000e+02
6.850000000000000000e+02
6.890000000000000000e+02
6.840000000000000000e+02
6.820000000000000000e+02
6.900000000000000000e+02
6.870000000000000000e+02
6.840000000000000000e+02
6.900000000000000000e+02
6.850000000000000000e+02
6.870000000000000000e+02
6.900000000000000000e+02
6.820000000000000000e+02
6.870000000000000000e+02
6.900000000000000000e+02
6.850000000000000000e+02
6.840000000000000000e+02
6.880000000000000000e+02
6.900000000000000000e+02
6.780000000000000000e+02
6.900000000000000000e+02
6.880000000000000000e+02
6.880000000000000000e+02
6.910000000000000000e+02
6.890000000000000000e+02
6.890000000000000000e+02
6.900000000000000000e+02
6.930000000000000000e+02
6.900000000000000000e+02
6.910000000000000000e+02
6.940000000000000000e+02
6.870000000000000000e+02
6.920000000000000000e+02
6.920000000000000000e+02
6.930000000000000000e+02
6.900000000000000000e+02
6.940000000000000000e+02
6.930000000000000000e+02
6.920000000000000000e+02
6.950000000000000000e+02
6.930000000000000000e+02
6.930000000000000000e+02
6.950000000000000000e+02
6.940000000000000000e+02
6.920000000000000000e+02
6.960000000000000000e+02
6.940000000000000000e+02
6.950000000000000000e+02
6.960000000000000000e+02
6.960000000000000000e+02
6.950000000000000000e+02
6.960000000000000000e+02
6.940000000000000000e+02
6.930000000000000000e+02
6.960000000000000000e+02
0.000000000000000000e+00
0.000000000000000000e+00
0.000000000000000000e+00
0.000000000000000000e+00
0.000000000000000000e+00
0.000000000000000000e+00
0.000000000000000000e+00
0.000000000000000000e+00
0.000000000000000000e+00
0.000000000000000000e+00
0.000000000000000000e+00
0.000000000000000000e+00
0.000000000000000000e+00
0.000000000000000000e+00
0.000000000000000000e+00
0.000000000000000000e+00
0.000000000000000000e+00
0.000000000000000000e+00
0.000000000000000000e+00
0.000000000000000000e+00
0.000000000000000000e+00
0.000000000000000000e+00
0.000000000000000000e+00
0.000000000000000000e+00
0.000000000000000000e+00
0.000000000000000000e+00
0.000000000000000000e+00
0.000000000000000000e+00
0.000000000000000000e+00
0.000000000000000000e+00
0.000000000000000000e+00
0.000000000000000000e+00
0.000000000000000000e+00
0.000000000000000000e+00
0.000000000000000000e+00
0.000000000000000000e+00
0.000000000000000000e+00
0.000000000000000000e+00
0.000000000000000000e+00
0.000000000000000000e+00
0.000000000000000000e+00
0.000000000000000000e+00
0.000000000000000000e+00
0.000000000000000000e+00
0.000000000000000000e+00
0.000000000000000000e+00
0.000000000000000000e+00
0.000000000000000000e+00
0.000000000000000000e+00
0.000000000000000000e+00
