0.000000000000000000e+00
0.000000000000000000e+00
0.000000000000000000e+00
0.000000000000000000e+00
0.000000000000000000e+00
0.000000000000000000e+00
0.000000000000000000e+00
0.000000000000000000e+00
0.000000000000000000e+00
0.000000000000000000e+00
0.000000000000000000e+00
0.000000000000000000e+00
0.000000000000000000e+00
0.000000000000000000e+00
0.000000000000000000e+00
0.000000000000000000e+00
0.000000000000000000e+00
0.000000000000000000e+00
0.000000000000000000e+00
8.960000000000000000e+02
9.330000000000000000e+02
9.430000000000000000e+02
9.040000000000000000e+02
8.690000000000000000e+02
8.520000000000000000e+02
8.550000000000000000e+02
7.630000000000000000e+02
7.450000000000000000e+02
8.830000000000000000e+02
8.110000000000000000e+02
7.860000000000000000e+02
8.370000000000000000e+02
8.720000000000000000e+02
7.950000000000000000e+02
8.170000000000000000e+02
8.650000000000000000e+02
8.330000000000000000e+02
8.090000000000000000e+02
8.600000000000000000e+02
8.540000000000000000e+02
8.260000000000000000e+02
8.440000000000000000e+02
8.630000000000000000e+02
8.350000000000000000e+02
8.290000000000000000e+02
8.640000000000000000e+02
8.480000000000000000e+02
8.370000000000000000e+02
8.630000000000000000e+02
8.510000000000000000e+02
8.430000000000000000e+02
8.600000000000000000e+02
8.450000000000000000e+02
8.640000000000000000e+02
8.410000000000000000e+02
8.670000000000000000e+02
8.300000000000000000e+02
8.760000000000000000e+02
8.210000000000000000e+02
8.680000000000000000e+02
8.490000000000000000e+02
8.660000000000000000e+02
8.360000000000000000e+02
8.650000000000000000e+02
8.620000000000000000e+02
8.450000000000000000e+02
8.630000000000000000e+02
8.640000000000000000e+02
8.550000000000000000e+02
8.620000000000000000e+02
8.670000000000000000e+02
8.460000000000000000e+02
8.700000000000000000e+02
8.620000000000000000e+02
8.510000000000000000e+02
8.600000000000000000e+02
8.690000000000000000e+02
8.530000000000000000e+02
8.640000000000000000e+02
8.590000000000000000e+02
8.710000000000000000e+02
8.430000000000000000e+02
8.650000000000000000e+02
8.680000000000000000e+02
8.530000000000000000e+02
8.650000000000000000e+02
8.630000000000000000e+02
8.670000000000000000e+02
8.560000000000000000e+02
8.700000000000000000e+02
8.580000000000000000e+02
8.670000000000000000e+02
8.630000000000000000e+02
8.650000000000000000e+02
8.700000000000000000e+02
8.590000000000000000e+02
8.650000000000000000e+02
8.660000000000000000e+02
8.640000000000000000e+02
8.620000000000000000e+02
8.680000000000000000e+02
8.600000000000000000e+02
8.650000000000000000e+02
8.690000000000000000e+02
8.630000000000000000e+02
8.670000000000000000e+02
8.260000000000000000e+02
8.200000000000000000e+02
8.700000000000000000e+02
8.370000000000000000e+02
5.540000000000000000e+02
2.550000000000000000e+02
0.000000000000000000e+00
0.000000000000000000e+00
0.000000000000000000e+00
0.000000000000000000e+00
0.000000000000000000e+00
0.000000000000000000e+00
0.000000000000000000e+00
0.000000000000000000e+00
0.000000000000000000e+00
0.000000000000000000e+00
0.000000000000000000e+00
0.000000000000000000e+00
0.000000000000000000e+00
0.000000000000000000e+00
0.000000000000000000e+00
0.000000000000000000e+00
0.000000000000000000e+00
7.300000000000000000e+02
8.990000000000000000e+02
9.190000000000000000e+02
9.320000000000000000e+02
9.270000000000000000e+02
9.150000000000000000e+02
8.490000000000000000e+02
9.300000000000000000e+02
9.210000000000000000e+02
9.050000000000000000e+02
9.090000000000000000e+02
9.320000000000000000e+02
8.830000000000000000e+02
9.270000000000000000e+02
9.180000000000000000e+02
9.100000000000000000e+02
9.130000000000000000e+02
9.320000000000000000e+02
9.000000000000000000e+02
9.220000000000000000e+02
9.320000000000000000e+02
8.920000000000000000e+02
9.300000000000000000e+02
9.220000000000000000e+02
9.150000000000000000e+02
9.210000000000000000e+02
9.290000000000000000e+02
9.100000000000000000e+02
9.260000000000000000e+02
9.280000000000000000e+02
9.100000000000000000e+02
9.290000000000000000e+02
9.240000000000000000e+02
9.190000000000000000e+02
9.270000000000000000e+02
9.270000000000000000e+02
9.190000000000000000e+02
9.280000000000000000e+02
9.270000000000000000e+02
9.230000000000000000e+02
9.240000000000000000e+02
9.260000000000000000e+02
9.170000000000000000e+02
9.260000000000000000e+02
9.300000000000000000e+02
9.060000000000000000e+02
9.360000000000000000e+02
9.090000000000000000e+02
9.280000000000000000e+02
9.290000000000000000e+02
9.210000000000000000e+02
9.270000000000000000e+02
9.220000000000000000e+02
9.330000000000000000e+02
9.110000000000000000e+02
9.310000000000000000e+02
9.260000000000000000e+02
9.210000000000000000e+02
9.330000000000000000e+02
9.210000000000000000e+02
9.270000000000000000e+02
9.280000000000000000e+02
9.270000000000000000e+02
9.240000000000000000e+02
9.310000000000000000e+02
9.260000000000000000e+02
8.730000000000000000e+02
9.410000000000000000e+02
9.220000000000000000e+02
6.750000000000000000e+02
0.000000000000000000e+00
0.000000000000000000e+00
0.000000000000000000e+00
0.000000000000000000e+00
0.000000000000000000e+00
0.000000000000000000e+00
0.000000000000000000e+00
0.000000000000000000e+00
0.000000000000000000e+00
0.000000000000000000e+00
0.000000000000000000e+00
0.000000000000000000e+00
0.000000000000000000e+00
0.000000000000000000e+00
0.000000000000000000e+00
0.000000000000000000e+00
0.000000000000000000e+00
0.000000000000000000e+00
0.000000000000000000e+00
0.000000000000000000e+00
0.000000000000000000e+00
0.000000000000000000e+00
0.000000000000000000e+00
0.000000000000000000e+00
0.000000000000000000e+00
0.000000000000000000e+00
0.000000000000000000e+00
0.000000000000000000e+00
0.000000000000000000e+00
0.000000000000000000e+00
0.000000000000000000e+00
0.000000000000000000e+00
0.000000000000000000e+00
0.000000000000000000e+00
0.000000000000000000e+00
0.000000000000000000e+00
0.000000000000000000e+00
0.000000000000000000e+00
0.000000000000000000e+00
0.000000000000000000e+00
0.000000000000000000e+00
0.000000000000000000e+00
0.000000000000000000e+00
0.000000000000000000e+00
0.000000000000000000e+00
0.000000000000000000e+00
0.000000000000000000e+00
0.000000000000000000e+00
0.000000000000000000e+00
0.000000000000000000e+00
0.000000000000000000e+00
0.000000000000000000e+00
0.000000000000000000e+00
0.000000000000000000e+00
0.000000000000000000e+00
0.000000000000000000e+00
0.000000000000000000e+00
0.000000000000000000e+00
0.000000000000000000e+00
0.000000000000000000e+00
0.000000000000000000e+00
0.000000000000000000e+00
0.000000000000000000e+00
0.000000000000000000e+00
0.000000000000000000e+00
0.000000000000000000e+00
0.000000000000000000e+00
0.000000000000000000e+00
0.000000000000000000e+00
0.000000000000000000e+00
0.000000000000000000e+00
0.000000000000000000e+00
0.000000000000000000e+00
0.000000000000000000e+00
0.000000000000000000e+00
0.000000000000000000e+00
0.000000000000000000e+00
0.000000000000000000e+00
0.000000000000000000e+00
0.000000000000000000e+00
0.000000000000000000e+00
0.000000000000000000e+00
0.000000000000000000e+00
0.000000000000000000e+00
0.000000000000000000e+00
0.000000000000000000e+00
0.000000000000000000e+00
0.000000000000000000e+00
0.000000000000000000e+00
0.000000000000000000e+00
0.000000000000000000e+00
0.000000000000000000e+00
0.000000000000000000e+00
0.000000000000000000e+00
0.000000000000000000e+00
0.000000000000000000e+00
0.000000000000000000e+00
0.000000000000000000e+00
0.000000000000000000e+00
0.000000000000000000e+00
0.000000000000000000e+00
