0.000000000000000000e+00
0.000000000000000000e+00
0.000000000000000000e+00
0.000000000000000000e+00
0.000000000000000000e+00
0.000000000000000000e+00
0.000000000000000000e+00
0.000000000000000000e+00
0.000000000000000000e+00
0.000000000000000000e+00
0.000000000000000000e+00
0.000000000000000000e+00
0.000000000000000000e+00
0.000000000000000000e+00
0.000000000000000000e+00
0.000000000000000000e+00
0.000000000000000000e+00
0.000000000000000000e+00
0.000000000000000000e+00
0.000000000000000000e+00
0.000000000000000000e+00
0.000000000000000000e+00
0.000000000000000000e+00
0.000000000000000000e+00
0.000000000000000000e+00
0.000000000000000000e+00
0.000000000000000000e+00
1.500000000000000000e+02
1.650000000000000000e+02
7.420000000000000000e+02
7.630000000000000000e+02
9.060000000000000000e+02
7.790000000000000000e+02
7.500000000000000000e+02
7.590000000000000000e+02
7.380000000000000000e+02
7.130000000000000000e+02
6.760000000000000000e+02
7.360000000000000000e+02
7.510000000000000000e+02
7.840000000000000000e+02
7.590000000000000000e+02
7.570000000000000000e+02
7.290000000000000000e+02
7.370000000000000000e+02
7.450000000000000000e+02
7.570000000000000000e+02
7.630000000000000000e+02
7.520000000000000000e+02
7.410000000000000000e+02
7.420000000000000000e+02
7.540000000000000000e+02
7.630000000000000000e+02
7.440000000000000000e+02
7.530000000000000000e+02
7.510000000000000000e+02
7.430000000000000000e+02
7.650000000000000000e+02
7.490000000000000000e+02
7.520000000000000000e+02
7.540000000000000000e+02
7.530000000000000000e+02
7.560000000000000000e+02
7.540000000000000000e+02
7.560000000000000000e+02
7.530000000000000000e+02
7.540000000000000000e+02
7.620000000000000000e+02
7.480000000000000000e+02
7.580000000000000000e+02
7.530000000000000000e+02
7.540000000000000000e+02
7.580000000000000000e+02
7.570000000000000000e+02
7.540000000000000000e+02
7.590000000000000000e+02
7.550000000000000000e+02
7.600000000000000000e+02
7.540000000000000000e+02
7.590000000000000000e+02
7.550000000000000000e+02
7.590000000000000000e+02
7.560000000000000000e+02
7.610000000000000000e+02
7.560000000000000000e+02
7.620000000000000000e+02
7.540000000000000000e+02
7.630000000000000000e+02
7.540000000000000000e+02
7.630000000000000000e+02
7.560000000000000000e+02
7.640000000000000000e+02
7.560000000000000000e+02
7.620000000000000000e+02
7.580000000000000000e+02
7.620000000000000000e+02
7.590000000000000000e+02
7.610000000000000000e+02
7.610000000000000000e+02
7.570000000000000000e+02
7.670000000000000000e+02
7.510000000000000000e+02
7.690000000000000000e+02
7.550000000000000000e+02
7.660000000000000000e+02
7.560000000000000000e+02
7.640000000000000000e+02
7.590000000000000000e+02
7.650000000000000000e+02
7.650000000000000000e+02
7.630000000000000000e+02
7.620000000000000000e+02
7.650000000000000000e+02
7.640000000000000000e+02
7.630000000000000000e+02
7.640000000000000000e+02
7.310000000000000000e+02
4.810000000000000000e+02
0.000000000000000000e+00
0.000000000000000000e+00
0.000000000000000000e+00
0.000000000000000000e+00
0.000000000000000000e+00
0.000000000000000000e+00
0.000000000000000000e+00
0.000000000000000000e+00
0.000000000000000000e+00
0.000000000000000000e+00
0.000000000000000000e+00
0.000000000000000000e+00
0.000000000000000000e+00
0.000000000000000000e+00
0.000000000000000000e+00
0.000000000000000000e+00
0.000000000000000000e+00
0.000000000000000000e+00
0.000000000000000000e+00
0.000000000000000000e+00
0.000000000000000000e+00
0.000000000000000000e+00
0.000000000000000000e+00
0.000000000000000000e+00
0.000000000000000000e+00
0.000000000000000000e+00
0.000000000000000000e+00
0.000000000000000000e+00
0.000000000000000000e+00
0.000000000000000000e+00
0.000000000000000000e+00
0.000000000000000000e+00
0.000000000000000000e+00
0.000000000000000000e+00
0.000000000000000000e+00
0.000000000000000000e+00
4.470000000000000000e+02
6.350000000000000000e+02
9.120000000000000000e+02
7.390000000000000000e+02
7.100000000000000000e+02
7.360000000000000000e+02
7.070000000000000000e+02
7.310000000000000000e+02
7.710000000000000000e+02
9.010000000000000000e+02
8.570000000000000000e+02
8.070000000000000000e+02
8.500000000000000000e+02
8.540000000000000000e+02
8.990000000000000000e+02
8.400000000000000000e+02
8.200000000000000000e+02
8.740000000000000000e+02
8.790000000000000000e+02
8.650000000000000000e+02
8.530000000000000000e+02
8.440000000000000000e+02
8.880000000000000000e+02
8.630000000000000000e+02
8.460000000000000000e+02
8.650000000000000000e+02
8.770000000000000000e+02
8.760000000000000000e+02
8.550000000000000000e+02
8.570000000000000000e+02
8.870000000000000000e+02
8.610000000000000000e+02
8.640000000000000000e+02
8.680000000000000000e+02
8.770000000000000000e+02
8.770000000000000000e+02
8.530000000000000000e+02
8.760000000000000000e+02
8.780000000000000000e+02
8.670000000000000000e+02
8.690000000000000000e+02
8.700000000000000000e+02
8.790000000000000000e+02
8.730000000000000000e+02
8.640000000000000000e+02
8.780000000000000000e+02
8.730000000000000000e+02
8.730000000000000000e+02
8.720000000000000000e+02
8.740000000000000000e+02
8.770000000000000000e+02
8.690000000000000000e+02
8.710000000000000000e+02
8.790000000000000000e+02
8.750000000000000000e+02
8.730000000000000000e+02
8.730000000000000000e+02
8.710000000000000000e+02
8.780000000000000000e+02
8.720000000000000000e+02
8.730000000000000000e+02
8.750000000000000000e+02
8.780000000000000000e+02
8.770000000000000000e+02
8.700000000000000000e+02
8.760000000000000000e+02
8.790000000000000000e+02
8.730000000000000000e+02
8.690000000000000000e+02
8.820000000000000000e+02
8.790000000000000000e+02
8.720000000000000000e+02
8.640000000000000000e+02
8.800000000000000000e+02
8.850000000000000000e+02
8.600000000000000000e+02
8.670000000000000000e+02
8.830000000000000000e+02
8.830000000000000000e+02
8.590000000000000000e+02
9.330000000000000000e+02
7.870000000000000000e+02
0.000000000000000000e+00
0.000000000000000000e+00
3.500000000000000000e+01
0.000000000000000000e+00
0.000000000000000000e+00
0.000000000000000000e+00
0.000000000000000000e+00
0.000000000000000000e+00
0.000000000000000000e+00
0.000000000000000000e+00
0.000000000000000000e+00
0.000000000000000000e+00
0.000000000000000000e+00
0.000000000000000000e+00
0.000000000000000000e+00
0.000000000000000000e+00
0.000000000000000000e+00
0.000000000000000000e+00
0.000000000000000000e+00
0.000000000000000000e+00
0.000000000000000000e+00
0.000000000000000000e+00
0.000000000000000000e+00
0.000000000000000000e+00
0.000000000000000000e+00
0.000000000000000000e+00
0.000000000000000000e+00
0.000000000000000000e+00
0.000000000000000000e+00
0.000000000000000000e+00
0.000000000000000000e+00
0.000000000000000000e+00
0.000000000000000000e+00
0.000000000000000000e+00
0.000000000000000000e+00
0.000000000000000000e+00
0.000000000000000000e+00
0.000000000000000000e+00
0.000000000000000000e+00
0.000000000000000000e+00
0.000000000000000000e+00
0.000000000000000000e+00
0.000000000000000000e+00
0.000000000000000000e+00
0.000000000000000000e+00
0.000000000000000000e+00
0.000000000000000000e+00
0.000000000000000000e+00
0.000000000000000000e+00
0.000000000000000000e+00
0.000000000000000000e+00
0.000000000000000000e+00
0.000000000000000000e+00
0.000000000000000000e+00
0.000000000000000000e+00
0.000000000000000000e+00
0.000000000000000000e+00
0.000000000000000000e+00
0.000000000000000000e+00
0.000000000000000000e+00
0.000000000000000000e+00
0.000000000000000000e+00
0.000000000000000000e+00
0.000000000000000000e+00
