0.000000000000000000e+00
0.000000000000000000e+00
0.000000000000000000e+00
0.000000000000000000e+00
0.000000000000000000e+00
0.000000000000000000e+00
0.000000000000000000e+00
0.000000000000000000e+00
0.000000000000000000e+00
0.000000000000000000e+00
0.000000000000000000e+00
0.000000000000000000e+00
0.000000000000000000e+00
0.000000000000000000e+00
0.000000000000000000e+00
0.000000000000000000e+00
0.000000000000000000e+00
0.000000000000000000e+00
0.000000000000000000e+00
0.000000000000000000e+00
0.000000000000000000e+00
0.000000000000000000e+00
0.000000000000000000e+00
0.000000000000000000e+00
0.000000000000000000e+00
0.000000000000000000e+00
0.000000000000000000e+00
0.000000000000000000e+00
0.000000000000000000e+00
0.000000000000000000e+00
0.000000000000000000e+00
0.000000000000000000e+00
0.000000000000000000e+00
0.000000000000000000e+00
0.000000000000000000e+00
0.000000000000000000e+00
0.000000000000000000e+00
0.000000000000000000e+00
0.000000000000000000e+00
0.000000000000000000e+00
5.290000000000000000e+02
6.060000000000000000e+02
8.090000000000000000e+02
8.090000000000000000e+02
6.440000000000000000e+02
7.120000000000000000e+02
8.820000000000000000e+02
8.250000000000000000e+02
8.700000000000000000e+02
8.440000000000000000e+02
8.960000000000000000e+02
8.490000000000000000e+02
8.440000000000000000e+02
8.940000000000000000e+02
8.640000000000000000e+02
8.670000000000000000e+02
8.730000000000000000e+02
8.930000000000000000e+02
8.590000000000000000e+02
8.730000000000000000e+02
8.890000000000000000e+02
8.640000000000000000e+02
8.810000000000000000e+02
8.830000000000000000e+02
8.890000000000000000e+02
8.600000000000000000e+02
8.940000000000000000e+02
8.770000000000000000e+02
8.750000000000000000e+02
8.840000000000000000e+02
8.890000000000000000e+02
8.760000000000000000e+02
8.850000000000000000e+02
8.960000000000000000e+02
8.790000000000000000e+02
8.870000000000000000e+02
8.900000000000000000e+02
8.830000000000000000e+02
8.840000000000000000e+02
8.900000000000000000e+02
8.840000000000000000e+02
8.820000000000000000e+02
8.940000000000000000e+02
8.820000000000000000e+02
8.860000000000000000e+02
8.900000000000000000e+02
8.850000000000000000e+02
8.860000000000000000e+02
8.860000000000000000e+02
8.920000000000000000e+02
8.810000000000000000e+02
8.940000000000000000e+02
8.840000000000000000e+02
8.920000000000000000e+02
8.870000000000000000e+02
8.960000000000000000e+02
8.810000000000000000e+02
8.940000000000000000e+02
8.900000000000000000e+02
8.890000000000000000e+02
8.910000000000000000e+02
8.890000000000000000e+02
8.940000000000000000e+02
8.850000000000000000e+02
8.970000000000000000e+02
8.890000000000000000e+02
8.870000000000000000e+02
8.960000000000000000e+02
8.860000000000000000e+02
8.940000000000000000e+02
8.890000000000000000e+02
8.970000000000000000e+02
8.820000000000000000e+02
9.010000000000000000e+02
8.880000000000000000e+02
9.180000000000000000e+02
8.200000000000000000e+02
6.200000000000000000e+01
0.000000000000000000e+00
0.000000000000000000e+00
0.000000000000000000e+00
0.000000000000000000e+00
0.000000000000000000e+00
0.000000000000000000e+00
0.000000000000000000e+00
0.000000000000000000e+00
0.000000000000000000e+00
0.000000000000000000e+00
0.000000000000000000e+00
0.000000000000000000e+00
0.000000000000000000e+00
0.000000000000000000e+00
0.000000000000000000e+00
0.000000000000000000e+00
0.000000000000000000e+00
4.100000000000000000e+02
8.390000000000000000e+02
8.670000000000000000e+02
8.490000000000000000e+02
8.380000000000000000e+02
9.260000000000000000e+02
8.940000000000000000e+02
9.100000000000000000e+02
9.090000000000000000e+02
9.360000000000000000e+02
8.650000000000000000e+02
9.240000000000000000e+02
9.330000000000000000e+02
9.200000000000000000e+02
9.130000000000000000e+02
9.330000000000000000e+02
9.350000000000000000e+02
8.940000000000000000e+02
9.350000000000000000e+02
9.340000000000000000e+02
9.160000000000000000e+02
9.320000000000000000e+02
9.360000000000000000e+02
9.220000000000000000e+02
9.320000000000000000e+02
9.340000000000000000e+02
9.280000000000000000e+02
9.310000000000000000e+02
9.360000000000000000e+02
9.300000000000000000e+02
9.300000000000000000e+02
9.360000000000000000e+02
9.310000000000000000e+02
9.320000000000000000e+02
9.370000000000000000e+02
9.320000000000000000e+02
9.340000000000000000e+02
9.370000000000000000e+02
9.340000000000000000e+02
9.320000000000000000e+02
9.370000000000000000e+02
9.350000000000000000e+02
9.340000000000000000e+02
9.380000000000000000e+02
9.340000000000000000e+02
9.350000000000000000e+02
9.380000000000000000e+02
9.350000000000000000e+02
9.350000000000000000e+02
9.370000000000000000e+02
9.360000000000000000e+02
9.350000000000000000e+02
9.370000000000000000e+02
9.330000000000000000e+02
9.360000000000000000e+02
9.380000000000000000e+02
9.350000000000000000e+02
9.340000000000000000e+02
9.390000000000000000e+02
9.340000000000000000e+02
9.370000000000000000e+02
9.380000000000000000e+02
9.360000000000000000e+02
9.370000000000000000e+02
9.380000000000000000e+02
9.370000000000000000e+02
9.380000000000000000e+02
9.370000000000000000e+02
9.370000000000000000e+02
9.380000000000000000e+02
9.380000000000000000e+02
9.370000000000000000e+02
9.360000000000000000e+02
9.390000000000000000e+02
8.440000000000000000e+02
2.850000000000000000e+02
0.000000000000000000e+00
0.000000000000000000e+00
0.000000000000000000e+00
0.000000000000000000e+00
0.000000000000000000e+00
0.000000000000000000e+00
0.000000000000000000e+00
0.000000000000000000e+00
0.000000000000000000e+00
0.000000000000000000e+00
0.000000000000000000e+00
0.000000000000000000e+00
0.000000000000000000e+00
0.000000000000000000e+00
0.000000000000000000e+00
0.000000000000000000e+00
0.000000000000000000e+00
0.000000000000000000e+00
0.000000000000000000e+00
0.000000000000000000e+00
0.000000000000000000e+00
0.000000000000000000e+00
0.000000000000000000e+00
0.000000000000000000e+00
0.000000000000000000e+00
0.000000000000000000e+00
0.000000000000000000e+00
0.000000000000000000e+00
0.000000000000000000e+00
0.000000000000000000e+00
0.000000000000000000e+00
0.000000000000000000e+00
0.000000000000000000e+00
0.000000000000000000e+00
0.000000000000000000e+00
0.000000000000000000e+00
0.000000000000000000e+00
0.000000000000000000e+00
0.000000000000000000e+00
0.000000000000000000e+00
0.000000000000000000e+00
0.000000000000000000e+00
0.000000000000000000e+00
0.000000000000000000e+00
0.000000000000000000e+00
0.000000000000000000e+00
0.000000000000000000e+00
0.000000000000000000e+00
0.000000000000000000e+00
0.000000000000000000e+00
0.000000000000000000e+00
0.000000000000000000e+00
0.000000000000000000e+00
0.000000000000000000e+00
0.000000000000000000e+00
0.000000000000000000e+00
0.000000000000000000e+00
0.000000000000000000e+00
0.000000000000000000e+00
0.000000000000000000e+00
0.000000000000000000e+00
0.000000000000000000e+00
0.000000000000000000e+00
0.000000000000000000e+00
0.000000000000000000e+00
0.000000000000000000e+00
0.000000000000000000e+00
0.000000000000000000e+00
0.000000000000000000e+00
0.000000000000000000e+00
0.000000000000000000e+00
0.000000000000000000e+00
0.000000000000000000e+00
0.000000000000000000e+00
0.000000000000000000e+00
0.000000000000000000e+00
0.000000000000000000e+00
0.000000000000000000e+00
0.000000000000000000e+00
0.000000000000000000e+00
0.000000000000000000e+00
0.000000000000000000e+00
0.000000000000000000e+00
0.000000000000000000e+00
0.000000000000000000e+00
0.000000000000000000e+00
0.000000000000000000e+00
0.000000000000000000e+00
0.000000000000000000e+00
