0.000000000000000000e+00
0.000000000000000000e+00
0.000000000000000000e+00
0.000000000000000000e+00
0.000000000000000000e+00
0.000000000000000000e+00
0.000000000000000000e+00
0.000000000000000000e+00
0.000000000000000000e+00
0.000000000000000000e+00
0.000000000000000000e+00
0.000000000000000000e+00
0.000000000000000000e+00
0.000000000000000000e+00
0.000000000000000000e+00
0.000000000000000000e+00
0.000000000000000000e+00
0.000000000000000000e+00
0.000000000000000000e+00
0.000000000000000000e+00
0.000000000000000000e+00
0.000000000000000000e+00
0.000000000000000000e+00
0.000000000000000000e+00
0.000000000000000000e+00
0.000000000000000000e+00
0.000000000000000000e+00
0.000000000000000000e+00
0.000000000000000000e+00
0.000000000000000000e+00
0.000000000000000000e+00
0.000000000000000000e+00
0.000000000000000000e+00
0.000000000000000000e+00
0.000000000000000000e+00
0.000000000000000000e+00
0.000000000000000000e+00
0.000000000000000000e+00
0.000000000000000000e+00
0.000000000000000000e+00
0.000000000000000000e+00
0.000000000000000000e+00
3.600000000000000000e+01
0.000000000000000000e+00
0.000000000000000000e+00
2.910000000000000000e+02
9.150000000000000000e+02
8.570000000000000000e+02
9.180000000000000000e+02
8.870000000000000000e+02
9.020000000000000000e+02
7.920000000000000000e+02
9.060000000000000000e+02
8.450000000000000000e+02
8.570000000000000000e+02
8.810000000000000000e+02
8.910000000000000000e+02
8.220000000000000000e+02
8.980000000000000000e+02
8.670000000000000000e+02
8.630000000000000000e+02
8.810000000000000000e+02
8.900000000000000000e+02
8.420000000000000000e+02
9.030000000000000000e+02
8.430000000000000000e+02
8.730000000000000000e+02
8.920000000000000000e+02
8.800000000000000000e+02
8.690000000000000000e+02
8.650000000000000000e+02
8.930000000000000000e+02
8.430000000000000000e+02
9.010000000000000000e+02
8.670000000000000000e+02
8.780000000000000000e+02
8.870000000000000000e+02
8.730000000000000000e+02
8.730000000000000000e+02
8.970000000000000000e+02
8.760000000000000000e+02
8.670000000000000000e+02
8.940000000000000000e+02
8.770000000000000000e+02
8.750000000000000000e+02
8.910000000000000000e+02
8.830000000000000000e+02
8.790000000000000000e+02
8.910000000000000000e+02
8.760000000000000000e+02
8.830000000000000000e+02
8.910000000000000000e+02
8.760000000000000000e+02
8.860000000000000000e+02
8.880000000000000000e+02
8.820000000000000000e+02
8.830000000000000000e+02
8.910000000000000000e+02
8.780000000000000000e+02
8.850000000000000000e+02
8.880000000000000000e+02
8.800000000000000000e+02
8.870000000000000000e+02
8.830000000000000000e+02
8.840000000000000000e+02
8.870000000000000000e+02
8.840000000000000000e+02
8.830000000000000000e+02
8.890000000000000000e+02
8.850000000000000000e+02
8.830000000000000000e+02
8.890000000000000000e+02
8.840000000000000000e+02
8.850000000000000000e+02
8.880000000000000000e+02
8.840000000000000000e+02
8.850000000000000000e+02
8.900000000000000000e+02
8.850000000000000000e+02
8.860000000000000000e+02
8.880000000000000000e+02
8.840000000000000000e+02
8.880000000000000000e+02
8.860000000000000000e+02
8.840000000000000000e+02
8.860000000000000000e+02
8.880000000000000000e+02
8.860000000000000000e+02
8.830000000000000000e+02
8.880000000000000000e+02
8.850000000000000000e+02
8.890000000000000000e+02
8.820000000000000000e+02
8.870000000000000000e+02
8.890000000000000000e+02
8.810000000000000000e+02
8.880000000000000000e+02
8.860000000000000000e+02
8.900000000000000000e+02
8.830000000000000000e+02
8.870000000000000000e+02
8.720000000000000000e+02
8.980000000000000000e+02
8.840000000000000000e+02
8.660000000000000000e+02
8.930000000000000000e+02
8.850000000000000000e+02
8.800000000000000000e+02
8.810000000000000000e+02
8.980000000000000000e+02
8.910000000000000000e+02
9.250000000000000000e+02
9.240000000000000000e+02
9.070000000000000000e+02
7.050000000000000000e+02
0.000000000000000000e+00
0.000000000000000000e+00
0.000000000000000000e+00
0.000000000000000000e+00
0.000000000000000000e+00
0.000000000000000000e+00
0.000000000000000000e+00
0.000000000000000000e+00
0.000000000000000000e+00
0.000000000000000000e+00
0.000000000000000000e+00
0.000000000000000000e+00
0.000000000000000000e+00
0.000000000000000000e+00
0.000000000000000000e+00
0.000000000000000000e+00
0.000000000000000000e+00
0.000000000000000000e+00
0.000000000000000000e+00
0.000000000000000000e+00
0.000000000000000000e+00
0.000000000000000000e+00
0.000000000000000000e+00
0.000000000000000000e+00
0.000000000000000000e+00
0.000000000000000000e+00
0.000000000000000000e+00
0.000000000000000000e+00
0.000000000000000000e+00
0.000000000000000000e+00
0.000000000000000000e+00
0.000000000000000000e+00
0.000000000000000000e+00
0.000000000000000000e+00
0.000000000000000000e+00
0.000000000000000000e+00
0.000000000000000000e+00
0.000000000000000000e+00
0.000000000000000000e+00
0.000000000000000000e+00
0.000000000000000000e+00
0.000000000000000000e+00
0.000000000000000000e+00
0.000000000000000000e+00
0.000000000000000000e+00
0.000000000000000000e+00
0.000000000000000000e+00
0.000000000000000000e+00
0.000000000000000000e+00
6.520000000000000000e+02
8.390000000000000000e+02
9.200000000000000000e+02
8.430000000000000000e+02
9.010000000000000000e+02
9.070000000000000000e+02
8.980000000000000000e+02
8.720000000000000000e+02
9.150000000000000000e+02
8.980000000000000000e+02
8.940000000000000000e+02
8.990000000000000000e+02
9.110000000000000000e+02
8.890000000000000000e+02
8.970000000000000000e+02
9.120000000000000000e+02
8.920000000000000000e+02
9.010000000000000000e+02
9.070000000000000000e+02
9.020000000000000000e+02
8.930000000000000000e+02
9.080000000000000000e+02
9.020000000000000000e+02
9.000000000000000000e+02
9.060000000000000000e+02
9.070000000000000000e+02
9.000000000000000000e+02
9.030000000000000000e+02
9.120000000000000000e+02
8.920000000000000000e+02
9.060000000000000000e+02
9.080000000000000000e+02
9.020000000000000000e+02
8.980000000000000000e+02
9.110000000000000000e+02
9.020000000000000000e+02
8.990000000000000000e+02
9.090000000000000000e+02
9.040000000000000000e+02
9.030000000000000000e+02
9.050000000000000000e+02
9.110000000000000000e+02
9.000000000000000000e+02
9.080000000000000000e+02
9.090000000000000000e+02
9.020000000000000000e+02
9.080000000000000000e+02
9.070000000000000000e+02
9.050000000000000000e+02
9.060000000000000000e+02
9.110000000000000000e+02
8.990000000000000000e+02
9.050000000000000000e+02
9.110000000000000000e+02
8.980000000000000000e+02
9.100000000000000000e+02
9.050000000000000000e+02
9.070000000000000000e+02
8.990000000000000000e+02
9.110000000000000000e+02
9.060000000000000000e+02
9.060000000000000000e+02
9.070000000000000000e+02
9.070000000000000000e+02
9.060000000000000000e+02
9.040000000000000000e+02
9.180000000000000000e+02
8.950000000000000000e+02
9.090000000000000000e+02
8.720000000000000000e+02
2.100000000000000000e+01
0.000000000000000000e+00
0.000000000000000000e+00
0.000000000000000000e+00
0.000000000000000000e+00
0.000000000000000000e+00
0.000000000000000000e+00
0.000000000000000000e+00
0.000000000000000000e+00
0.000000000000000000e+00
0.000000000000000000e+00
0.000000000000000000e+00
0.000000000000000000e+00
0.000000000000000000e+00
0.000000000000000000e+00
0.000000000000000000e+00
0.000000000000000000e+00
0.000000000000000000e+00
0.000000000000000000e+00
0.000000000000000000e+00
0.000000000000000000e+00
0.000000000000000000e+00
0.000000000000000000e+00
0.000000000000000000e+00
0.000000000000000000e+00
0.000000000000000000e+00
