0.000000000000000000e+00
0.000000000000000000e+00
0.000000000000000000e+00
0.000000000000000000e+00
0.000000000000000000e+00
0.000000000000000000e+00
0.000000000000000000e+00
0.000000000000000000e+00
0.000000000000000000e+00
0.000000000000000000e+00
0.000000000000000000e+00
0.000000000000000000e+00
0.000000000000000000e+00
0.000000000000000000e+00
0.000000000000000000e+00
0.000000000000000000e+00
0.000000000000000000e+00
0.000000000000000000e+00
0.000000000000000000e+00
0.000000000000000000e+00
0.000000000000000000e+00
0.000000000000000000e+00
0.000000000000000000e+00
0.000000000000000000e+00
0.000000000000000000e+00
0.000000000000000000e+00
0.000000000000000000e+00
0.000000000000000000e+00
0.000000000000000000e+00
0.000000000000000000e+00
0.000000000000000000e+00
0.000000000000000000e+00
0.000000000000000000e+00
0.000000000000000000e+00
0.000000000000000000e+00
0.000000000000000000e+00
0.000000000000000000e+00
0.000000000000000000e+00
0.000000000000000000e+00
0.000000000000000000e+00
0.000000000000000000e+00
0.000000000000000000e+00
0.000000000000000000e+00
0.000000000000000000e+00
0.000000000000000000e+00
4.800000000000000000e+02
5.810000000000000000e+02
7.840000000000000000e+02
7.700000000000000000e+02
8.430000000000000000e+02
9.350000000000000000e+02
9.140000000000000000e+02
8.960000000000000000e+02
8.880000000000000000e+02
9.190000000000000000e+02
9.030000000000000000e+02
9.060000000000000000e+02
9.150000000000000000e+02
9.150000000000000000e+02
9.100000000000000000e+02
9.110000000000000000e+02
9.180000000000000000e+02
9.140000000000000000e+02
9.110000000000000000e+02
9.190000000000000000e+02
9.170000000000000000e+02
9.120000000000000000e+02
9.230000000000000000e+02
9.160000000000000000e+02
9.160000000000000000e+02
9.220000000000000000e+02
9.160000000000000000e+02
9.200000000000000000e+02
9.230000000000000000e+02
9.120000000000000000e+02
9.220000000000000000e+02
9.220000000000000000e+02
9.190000000000000000e+02
9.230000000000000000e+02
9.200000000000000000e+02
9.220000000000000000e+02
9.160000000000000000e+02
9.230000000000000000e+02
9.210000000000000000e+02
9.210000000000000000e+02
9.210000000000000000e+02
9.240000000000000000e+02
9.180000000000000000e+02
9.230000000000000000e+02
9.210000000000000000e+02
9.260000000000000000e+02
9.210000000000000000e+02
9.230000000000000000e+02
9.230000000000000000e+02
9.250000000000000000e+02
9.210000000000000000e+02
9.250000000000000000e+02
9.280000000000000000e+02
9.120000000000000000e+02
9.240000000000000000e+02
9.230000000000000000e+02
9.250000000000000000e+02
9.240000000000000000e+02
9.180000000000000000e+02
9.280000000000000000e+02
9.160000000000000000e+02
9.280000000000000000e+02
9.200000000000000000e+02
9.210000000000000000e+02
9.260000000000000000e+02
9.230000000000000000e+02
5.850000000000000000e+02
0.000000000000000000e+00
0.000000000000000000e+00
0.000000000000000000e+00
0.000000000000000000e+00
0.000000000000000000e+00
0.000000000000000000e+00
0.000000000000000000e+00
0.000000000000000000e+00
0.000000000000000000e+00
0.000000000000000000e+00
0.000000000000000000e+00
0.000000000000000000e+00
0.000000000000000000e+00
0.000000000000000000e+00
0.000000000000000000e+00
0.000000000000000000e+00
0.000000000000000000e+00
0.000000000000000000e+00
0.000000000000000000e+00
0.000000000000000000e+00
0.000000000000000000e+00
0.000000000000000000e+00
0.000000000000000000e+00
0.000000000000000000e+00
0.000000000000000000e+00
0.000000000000000000e+00
0.000000000000000000e+00
0.000000000000000000e+00
0.000000000000000000e+00
0.000000000000000000e+00
0.000000000000000000e+00
0.000000000000000000e+00
0.000000000000000000e+00
0.000000000000000000e+00
0.000000000000000000e+00
0.000000000000000000e+00
8.510000000000000000e+02
9.230000000000000000e+02
9.360000000000000000e+02
8.410000000000000000e+02
7.540000000000000000e+02
8.710000000000000000e+02
8.810000000000000000e+02
9.130000000000000000e+02
8.380000000000000000e+02
9.020000000000000000e+02
8.830000000000000000e+02
8.810000000000000000e+02
8.870000000000000000e+02
8.850000000000000000e+02
8.930000000000000000e+02
8.850000000000000000e+02
8.860000000000000000e+02
8.960000000000000000e+02
8.900000000000000000e+02
8.830000000000000000e+02
8.980000000000000000e+02
8.930000000000000000e+02
8.870000000000000000e+02
8.940000000000000000e+02
8.950000000000000000e+02
8.920000000000000000e+02
8.950000000000000000e+02
8.910000000000000000e+02
8.970000000000000000e+02
8.940000000000000000e+02
8.940000000000000000e+02
8.950000000000000000e+02
8.930000000000000000e+02
8.980000000000000000e+02
8.910000000000000000e+02
8.980000000000000000e+02
8.930000000000000000e+02
8.960000000000000000e+02
8.980000000000000000e+02
8.960000000000000000e+02
8.960000000000000000e+02
8.990000000000000000e+02
8.950000000000000000e+02
8.950000000000000000e+02
9.000000000000000000e+02
8.960000000000000000e+02
8.950000000000000000e+02
8.990000000000000000e+02
8.960000000000000000e+02
8.960000000000000000e+02
9.010000000000000000e+02
8.950000000000000000e+02
8.950000000000000000e+02
9.010000000000000000e+02
9.000000000000000000e+02
8.970000000000000000e+02
8.970000000000000000e+02
8.990000000000000000e+02
9.010000000000000000e+02
8.960000000000000000e+02
8.990000000000000000e+02
8.990000000000000000e+02
8.980000000000000000e+02
9.010000000000000000e+02
9.000000000000000000e+02
8.920000000000000000e+02
9.020000000000000000e+02
8.820000000000000000e+02
8.860000000000000000e+02
2.000000000000000000e+00
0.000000000000000000e+00
0.000000000000000000e+00
0.000000000000000000e+00
0.000000000000000000e+00
0.000000000000000000e+00
0.000000000000000000e+00
0.000000000000000000e+00
0.000000000000000000e+00
0.000000000000000000e+00
0.000000000000000000e+00
0.000000000000000000e+00
0.000000000000000000e+00
0.000000000000000000e+00
0.000000000000000000e+00
0.000000000000000000e+00
0.000000000000000000e+00
0.000000000000000000e+00
0.000000000000000000e+00
0.000000000000000000e+00
0.000000000000000000e+00
0.000000000000000000e+00
0.000000000000000000e+00
0.000000000000000000e+00
0.000000000000000000e+00
0.000000000000000000e+00
0.000000000000000000e+00
0.000000000000000000e+00
0.000000000000000000e+00
0.000000000000000000e+00
0.000000000000000000e+00
0.000000000000000000e+00
0.000000000000000000e+00
0.000000000000000000e+00
0.000000000000000000e+00
0.000000000000000000e+00
0.000000000000000000e+00
0.000000000000000000e+00
0.000000000000000000e+00
0.000000000000000000e+00
0.000000000000000000e+00
0.000000000000000000e+00
0.000000000000000000e+00
0.000000000000000000e+00
0.000000000000000000e+00
0.000000000000000000e+00
0.000000000000000000e+00
0.000000000000000000e+00
0.000000000000000000e+00
0.000000000000000000e+00
0.000000000000000000e+00
0.000000000000000000e+00
0.000000000000000000e+00
0.000000000000000000e+00
0.000000000000000000e+00
0.000000000000000000e+00
0.000000000000000000e+00
0.000000000000000000e+00
0.000000000000000000e+00
0.000000000000000000e+00
0.000000000000000000e+00
0.000000000000000000e+00
0.000000000000000000e+00
0.000000000000000000e+00
0.000000000000000000e+00
0.000000000000000000e+00
0.000000000000000000e+00
0.000000000000000000e+00
0.000000000000000000e+00
0.000000000000000000e+00
0.000000000000000000e+00
0.000000000000000000e+00
0.000000000000000000e+00
0.000000000000000000e+00
0.000000000000000000e+00
0.000000000000000000e+00
0.000000000000000000e+00
0.000000000000000000e+00
0.000000000000000000e+00
0.000000000000000000e+00
0.000000000000000000e+00
0.000000000000000000e+00
0.000000000000000000e+00
