0.000000000000000000e+00
0.000000000000000000e+00
0.000000000000000000e+00
0.000000000000000000e+00
0.000000000000000000e+00
0.000000000000000000e+00
0.000000000000000000e+00
0.000000000000000000e+00
0.000000000000000000e+00
0.000000000000000000e+00
0.000000000000000000e+00
0.000000000000000000e+00
0.000000000000000000e+00
0.000000000000000000e+00
0.000000000000000000e+00
0.000000000000000000e+00
0.000000000000000000e+00
0.000000000000000000e+00
0.000000000000000000e+00
0.000000000000000000e+00
0.000000000000000000e+00
0.000000000000000000e+00
0.000000000000000000e+00
0.000000000000000000e+00
0.000000000000000000e+00
0.000000000000000000e+00
0.000000000000000000e+00
0.000000000000000000e+00
0.000000000000000000e+00
0.000000000000000000e+00
7.100000000000000000e+01
5.260000000000000000e+02
6.010000000000000000e+02
6.750000000000000000e+02
7.350000000000000000e+02
7.270000000000000000e+02
7.340000000000000000e+02
7.400000000000000000e+02
8.500000000000000000e+02
7.140000000000000000e+02
8.080000000000000000e+02
7.850000000000000000e+02
8.470000000000000000e+02
7.220000000000000000e+02
8.050000000000000000e+02
8.140000000000000000e+02
8.170000000000000000e+02
8.090000000000000000e+02
7.900000000000000000e+02
8.330000000000000000e+02
8.070000000000000000e+02
8.110000000000000000e+02
8.240000000000000000e+02
8.060000000000000000e+02
8.290000000000000000e+02
8.130000000000000000e+02
8.270000000000000000e+02
8.250000000000000000e+02
8.250000000000000000e+02
8.240000000000000000e+02
8.230000000000000000e+02
8.330000000000000000e+02
8.240000000000000000e+02
8.250000000000000000e+02
8.330000000000000000e+02
8.290000000000000000e+02
8.220000000000000000e+02
8.350000000000000000e+02
8.330000000000000000e+02
8.250000000000000000e+02
8.330000000000000000e+02
8.370000000000000000e+02
8.290000000000000000e+02
8.340000000000000000e+02
8.330000000000000000e+02
8.350000000000000000e+02
8.340000000000000000e+02
8.340000000000000000e+02
8.360000000000000000e+02
8.360000000000000000e+02
8.380000000000000000e+02
8.350000000000000000e+02
8.380000000000000000e+02
8.370000000000000000e+02
8.390000000000000000e+02
8.360000000000000000e+02
8.390000000000000000e+02
8.360000000000000000e+02
8.290000000000000000e+02
8.280000000000000000e+02
8.370000000000000000e+02
8.330000000000000000e+02
8.300000000000000000e+02
8.270000000000000000e+02
8.450000000000000000e+02
8.320000000000000000e+02
8.320000000000000000e+02
8.330000000000000000e+02
8.400000000000000000e+02
8.310000000000000000e+02
8.320000000000000000e+02
8.410000000000000000e+02
8.430000000000000000e+02
8.390000000000000000e+02
7.610000000000000000e+02
6.820000000000000000e+02
0.000000000000000000e+00
1.060000000000000000e+02
4.000000000000000000e+00
0.000000000000000000e+00
0.000000000000000000e+00
0.000000000000000000e+00
0.000000000000000000e+00
8.000000000000000000e+00
8.000000000000000000e+00
1.000000000000000000e+01
9.000000000000000000e+00
5.000000000000000000e+00
5.000000000000000000e+00
5.000000000000000000e+00
4.000000000000000000e+00
9.400000000000000000e+01
0.000000000000000000e+00
0.000000000000000000e+00
5.240000000000000000e+02
7.820000000000000000e+02
7.690000000000000000e+02
6.290000000000000000e+02
7.740000000000000000e+02
7.970000000000000000e+02
7.740000000000000000e+02
7.480000000000000000e+02
8.710000000000000000e+02
7.640000000000000000e+02
7.580000000000000000e+02
8.250000000000000000e+02
8.220000000000000000e+02
8.170000000000000000e+02
7.700000000000000000e+02
8.230000000000000000e+02
8.260000000000000000e+02
7.990000000000000000e+02
8.000000000000000000e+02
8.200000000000000000e+02
8.290000000000000000e+02
7.900000000000000000e+02
8.140000000000000000e+02
8.350000000000000000e+02
7.990000000000000000e+02
8.160000000000000000e+02
8.210000000000000000e+02
8.300000000000000000e+02
8.000000000000000000e+02
8.240000000000000000e+02
8.240000000000000000e+02
8.190000000000000000e+02
8.190000000000000000e+02
8.260000000000000000e+02
8.220000000000000000e+02
8.230000000000000000e+02
8.210000000000000000e+02
8.240000000000000000e+02
8.250000000000000000e+02
8.270000000000000000e+02
8.200000000000000000e+02
8.280000000000000000e+02
8.250000000000000000e+02
8.230000000000000000e+02
8.270000000000000000e+02
8.280000000000000000e+02
8.240000000000000000e+02
8.250000000000000000e+02
8.270000000000000000e+02
8.260000000000000000e+02
8.280000000000000000e+02
8.280000000000000000e+02
8.260000000000000000e+02
8.270000000000000000e+02
8.310000000000000000e+02
8.230000000000000000e+02
8.280000000000000000e+02
8.280000000000000000e+02
8.240000000000000000e+02
8.280000000000000000e+02
8.230000000000000000e+02
8.340000000000000000e+02
8.170000000000000000e+02
8.350000000000000000e+02
8.190000000000000000e+02
8.350000000000000000e+02
8.080000000000000000e+02
8.190000000000000000e+02
7.990000000000000000e+02
8.680000000000000000e+02
8.410000000000000000e+02
1.120000000000000000e+02
0.000000000000000000e+00
0.000000000000000000e+00
2.000000000000000000e+00
2.000000000000000000e+00
0.000000000000000000e+00
0.000000000000000000e+00
0.000000000000000000e+00
0.000000000000000000e+00
0.000000000000000000e+00
0.000000000000000000e+00
0.000000000000000000e+00
0.000000000000000000e+00
0.000000000000000000e+00
0.000000000000000000e+00
0.000000000000000000e+00
0.000000000000000000e+00
0.000000000000000000e+00
0.000000000000000000e+00
0.000000000000000000e+00
0.000000000000000000e+00
0.000000000000000000e+00
0.000000000000000000e+00
0.000000000000000000e+00
0.000000000000000000e+00
0.000000000000000000e+00
0.000000000000000000e+00
0.000000000000000000e+00
0.000000000000000000e+00
0.000000000000000000e+00
0.000000000000000000e+00
0.000000000000000000e+00
0.000000000000000000e+00
0.000000000000000000e+00
0.000000000000000000e+00
0.000000000000000000e+00
0.000000000000000000e+00
0.000000000000000000e+00
0.000000000000000000e+00
0.000000000000000000e+00
0.000000000000000000e+00
0.000000000000000000e+00
0.000000000000000000e+00
0.000000000000000000e+00
0.000000000000000000e+00
0.000000000000000000e+00
0.000000000000000000e+00
0.000000000000000000e+00
0.000000000000000000e+00
0.000000000000000000e+00
0.000000000000000000e+00
0.000000000000000000e+00
0.000000000000000000e+00
0.000000000000000000e+00
0.000000000000000000e+00
0.000000000000000000e+00
0.000000000000000000e+00
0.000000000000000000e+00
0.000000000000000000e+00
0.000000000000000000e+00
0.000000000000000000e+00
0.000000000000000000e+00
0.000000000000000000e+00
0.000000000000000000e+00
0.000000000000000000e+00
0.000000000000000000e+00
0.000000000000000000e+00
0.000000000000000000e+00
0.000000000000000000e+00
0.000000000000000000e+00
0.000000000000000000e+00
0.000000000000000000e+00
0.000000000000000000e+00
0.000000000000000000e+00
0.000000000000000000e+00
0.000000000000000000e+00
0.000000000000000000e+00
0.000000000000000000e+00
0.000000000000000000e+00
0.000000000000000000e+00
0.000000000000000000e+00
0.000000000000000000e+00
0.000000000000000000e+00
0.000000000000000000e+00
0.000000000000000000e+00
0.000000000000000000e+00
0.000000000000000000e+00
0.000000000000000000e+00
0.000000000000000000e+00
0.000000000000000000e+00
0.000000000000000000e+00
0.000000000000000000e+00
0.000000000000000000e+00
0.000000000000000000e+00
0.000000000000000000e+00
0.000000000000000000e+00
0.000000000000000000e+00
0.000000000000000000e+00
0.000000000000000000e+00
0.000000000000000000e+00
0.000000000000000000e+00
0.000000000000000000e+00
0.000000000000000000e+00
0.000000000000000000e+00
0.000000000000000000e+00
