0.000000000000000000e+00
0.000000000000000000e+00
0.000000000000000000e+00
0.000000000000000000e+00
0.000000000000000000e+00
0.000000000000000000e+00
0.000000000000000000e+00
0.000000000000000000e+00
0.000000000000000000e+00
0.000000000000000000e+00
0.000000000000000000e+00
0.000000000000000000e+00
0.000000000000000000e+00
0.000000000000000000e+00
0.000000000000000000e+00
0.000000000000000000e+00
0.000000000000000000e+00
0.000000000000000000e+00
0.000000000000000000e+00
0.000000000000000000e+00
0.000000000000000000e+00
0.000000000000000000e+00
0.000000000000000000e+00
0.000000000000000000e+00
0.000000000000000000e+00
0.000000000000000000e+00
0.000000000000000000e+00
0.000000000000000000e+00
0.000000000000000000e+00
0.000000000000000000e+00
0.000000000000000000e+00
0.000000000000000000e+00
0.000000000000000000e+00
0.000000000000000000e+00
0.000000000000000000e+00
0.000000000000000000e+00
1.540000000000000000e+02
8.050000000000000000e+02
8.720000000000000000e+02
8.090000000000000000e+02
8.110000000000000000e+02
7.860000000000000000e+02
7.820000000000000000e+02
7.460000000000000000e+02
7.960000000000000000e+02
8.010000000000000000e+02
7.780000000000000000e+02
8.110000000000000000e+02
8.000000000000000000e+02
8.130000000000000000e+02
8.060000000000000000e+02
8.060000000000000000e+02
8.200000000000000000e+02
8.100000000000000000e+02
8.180000000000000000e+02
8.200000000000000000e+02
8.240000000000000000e+02
8.190000000000000000e+02
8.210000000000000000e+02
8.270000000000000000e+02
8.200000000000000000e+02
8.270000000000000000e+02
8.270000000000000000e+02
8.310000000000000000e+02
8.250000000000000000e+02
8.280000000000000000e+02
8.340000000000000000e+02
8.250000000000000000e+02
8.330000000000000000e+02
8.320000000000000000e+02
8.340000000000000000e+02
8.300000000000000000e+02
8.360000000000000000e+02
8.330000000000000000e+02
8.350000000000000000e+02
8.370000000000000000e+02
8.360000000000000000e+02
8.370000000000000000e+02
8.370000000000000000e+02
8.370000000000000000e+02
8.370000000000000000e+02
8.390000000000000000e+02
8.380000000000000000e+02
8.370000000000000000e+02
8.390000000000000000e+02
8.360000000000000000e+02
8.410000000000000000e+02
8.370000000000000000e+02
8.410000000000000000e+02
8.380000000000000000e+02
8.390000000000000000e+02
8.400000000000000000e+02
8.330000000000000000e+02
8.430000000000000000e+02
8.310000000000000000e+02
8.410000000000000000e+02
8.320000000000000000e+02
8.420000000000000000e+02
8.350000000000000000e+02
8.440000000000000000e+02
8.220000000000000000e+02
8.580000000000000000e+02
8.350000000000000000e+02
6.890000000000000000e+02
1.120000000000000000e+02
0.000000000000000000e+00
0.000000000000000000e+00
0.000000000000000000e+00
0.000000000000000000e+00
0.000000000000000000e+00
0.000000000000000000e+00
0.000000000000000000e+00
0.000000000000000000e+00
0.000000000000000000e+00
0.000000000000000000e+00
0.000000000000000000e+00
0.000000000000000000e+00
0.000000000000000000e+00
0.000000000000000000e+00
0.000000000000000000e+00
0.000000000000000000e+00
0.000000000000000000e+00
0.000000000000000000e+00
0.000000000000000000e+00
0.000000000000000000e+00
0.000000000000000000e+00
0.000000000000000000e+00
0.000000000000000000e+00
0.000000000000000000e+00
0.000000000000000000e+00
0.000000000000000000e+00
0.000000000000000000e+00
0.000000000000000000e+00
0.000000000000000000e+00
0.000000000000000000e+00
0.000000000000000000e+00
0.000000000000000000e+00
4.510000000000000000e+02
7.540000000000000000e+02
8.740000000000000000e+02
8.430000000000000000e+02
8.010000000000000000e+02
7.680000000000000000e+02
7.740000000000000000e+02
7.450000000000000000e+02
7.700000000000000000e+02
7.790000000000000000e+02
7.750000000000000000e+02
8.030000000000000000e+02
7.800000000000000000e+02
8.000000000000000000e+02
7.880000000000000000e+02
7.950000000000000000e+02
8.000000000000000000e+02
7.910000000000000000e+02
8.050000000000000000e+02
7.920000000000000000e+02
7.980000000000000000e+02
8.000000000000000000e+02
7.960000000000000000e+02
8.080000000000000000e+02
7.980000000000000000e+02
8.050000000000000000e+02
8.020000000000000000e+02
8.080000000000000000e+02
8.030000000000000000e+02
8.080000000000000000e+02
8.130000000000000000e+02
8.060000000000000000e+02
8.100000000000000000e+02
8.120000000000000000e+02
8.050000000000000000e+02
8.130000000000000000e+02
8.130000000000000000e+02
8.140000000000000000e+02
8.090000000000000000e+02
8.160000000000000000e+02
8.100000000000000000e+02
8.150000000000000000e+02
8.190000000000000000e+02
8.130000000000000000e+02
8.170000000000000000e+02
8.160000000000000000e+02
8.150000000000000000e+02
8.150000000000000000e+02
8.160000000000000000e+02
8.170000000000000000e+02
8.120000000000000000e+02
8.190000000000000000e+02
8.150000000000000000e+02
8.160000000000000000e+02
8.150000000000000000e+02
8.190000000000000000e+02
8.100000000000000000e+02
8.130000000000000000e+02
8.100000000000000000e+02
8.170000000000000000e+02
8.100000000000000000e+02
8.160000000000000000e+02
8.110000000000000000e+02
8.180000000000000000e+02
8.100000000000000000e+02
8.200000000000000000e+02
8.080000000000000000e+02
8.300000000000000000e+02
8.090000000000000000e+02
8.470000000000000000e+02
8.390000000000000000e+02
8.430000000000000000e+02
8.190000000000000000e+02
6.330000000000000000e+02
0.000000000000000000e+00
0.000000000000000000e+00
0.000000000000000000e+00
0.000000000000000000e+00
0.000000000000000000e+00
0.000000000000000000e+00
0.000000000000000000e+00
0.000000000000000000e+00
0.000000000000000000e+00
0.000000000000000000e+00
0.000000000000000000e+00
0.000000000000000000e+00
0.000000000000000000e+00
0.000000000000000000e+00
0.000000000000000000e+00
0.000000000000000000e+00
0.000000000000000000e+00
0.000000000000000000e+00
0.000000000000000000e+00
0.000000000000000000e+00
0.000000000000000000e+00
0.000000000000000000e+00
0.000000000000000000e+00
0.000000000000000000e+00
0.000000000000000000e+00
0.000000000000000000e+00
0.000000000000000000e+00
0.000000000000000000e+00
0.000000000000000000e+00
0.000000000000000000e+00
0.000000000000000000e+00
0.000000000000000000e+00
0.000000000000000000e+00
0.000000000000000000e+00
0.000000000000000000e+00
0.000000000000000000e+00
0.000000000000000000e+00
0.000000000000000000e+00
0.000000000000000000e+00
0.000000000000000000e+00
0.000000000000000000e+00
0.000000000000000000e+00
0.000000000000000000e+00
0.000000000000000000e+00
0.000000000000000000e+00
0.000000000000000000e+00
0.000000000000000000e+00
0.000000000000000000e+00
0.000000000000000000e+00
0.000000000000000000e+00
0.000000000000000000e+00
0.000000000000000000e+00
0.000000000000000000e+00
0.000000000000000000e+00
0.000000000000000000e+00
0.000000000000000000e+00
0.000000000000000000e+00
0.000000000000000000e+00
0.000000000000000000e+00
0.000000000000000000e+00
0.000000000000000000e+00
0.000000000000000000e+00
0.000000000000000000e+00
0.000000000000000000e+00
0.000000000000000000e+00
0.000000000000000000e+00
0.000000000000000000e+00
0.000000000000000000e+00
0.000000000000000000e+00
0.000000000000000000e+00
0.000000000000000000e+00
0.000000000000000000e+00
0.000000000000000000e+00
0.000000000000000000e+00
0.000000000000000000e+00
0.000000000000000000e+00
0.000000000000000000e+00
0.000000000000000000e+00
0.000000000000000000e+00
0.000000000000000000e+00
0.000000000000000000e+00
0.000000000000000000e+00
0.000000000000000000e+00
0.000000000000000000e+00
0.000000000000000000e+00
0.000000000000000000e+00
0.000000000000000000e+00
0.000000000000000000e+00
0.000000000000000000e+00
