8.000000000000000000e+00
6.900000000000000000e+01
7.000000000000000000e+01
7.400000000000000000e+01
7.100000000000000000e+01
7.300000000000000000e+01
7.300000000000000000e+01
7.200000000000000000e+01
6.800000000000000000e+01
6.500000000000000000e+01
6.800000000000000000e+01
7.000000000000000000e+01
7.400000000000000000e+01
7.400000000000000000e+01
5.530000000000000000e+02
5.400000000000000000e+02
8.140000000000000000e+02
8.180000000000000000e+02
8.290000000000000000e+02
8.250000000000000000e+02
8.270000000000000000e+02
8.270000000000000000e+02
8.160000000000000000e+02
8.120000000000000000e+02
7.530000000000000000e+02
8.000000000000000000e+02
8.160000000000000000e+02
8.090000000000000000e+02
7.980000000000000000e+02
8.110000000000000000e+02
7.940000000000000000e+02
8.200000000000000000e+02
8.090000000000000000e+02
8.100000000000000000e+02
8.070000000000000000e+02
8.240000000000000000e+02
7.930000000000000000e+02
8.180000000000000000e+02
8.210000000000000000e+02
8.130000000000000000e+02
8.130000000000000000e+02
8.250000000000000000e+02
8.220000000000000000e+02
8.100000000000000000e+02
8.280000000000000000e+02
8.200000000000000000e+02
8.150000000000000000e+02
8.200000000000000000e+02
8.250000000000000000e+02
8.140000000000000000e+02
8.200000000000000000e+02
8.260000000000000000e+02
8.190000000000000000e+02
8.210000000000000000e+02
8.230000000000000000e+02
8.240000000000000000e+02
8.200000000000000000e+02
8.250000000000000000e+02
8.240000000000000000e+02
8.220000000000000000e+02
8.220000000000000000e+02
8.270000000000000000e+02
8.210000000000000000e+02
8.230000000000000000e+02
8.230000000000000000e+02
8.220000000000000000e+02
8.230000000000000000e+02
8.250000000000000000e+02
8.260000000000000000e+02
8.220000000000000000e+02
8.270000000000000000e+02
8.240000000000000000e+02
8.240000000000000000e+02
8.260000000000000000e+02
8.220000000000000000e+02
8.250000000000000000e+02
8.240000000000000000e+02
8.320000000000000000e+02
0.000000000000000000e+00
0.000000000000000000e+00
0.000000000000000000e+00
0.000000000000000000e+00
0.000000000000000000e+00
0.000000000000000000e+00
0.000000000000000000e+00
0.000000000000000000e+00
0.000000000000000000e+00
0.000000000000000000e+00
0.000000000000000000e+00
0.000000000000000000e+00
0.000000000000000000e+00
0.000000000000000000e+00
0.000000000000000000e+00
0.000000000000000000e+00
0.000000000000000000e+00
0.000000000000000000e+00
0.000000000000000000e+00
0.000000000000000000e+00
0.000000000000000000e+00
0.000000000000000000e+00
0.000000000000000000e+00
0.000000000000000000e+00
0.000000000000000000e+00
0.000000000000000000e+00
0.000000000000000000e+00
0.000000000000000000e+00
0.000000000000000000e+00
0.000000000000000000e+00
0.000000000000000000e+00
0.000000000000000000e+00
0.000000000000000000e+00
0.000000000000000000e+00
3.250000000000000000e+02
5.950000000000000000e+02
7.490000000000000000e+02
8.510000000000000000e+02
8.390000000000000000e+02
8.330000000000000000e+02
8.080000000000000000e+02
8.670000000000000000e+02
8.750000000000000000e+02
8.600000000000000000e+02
8.480000000000000000e+02
8.350000000000000000e+02
8.650000000000000000e+02
8.580000000000000000e+02
8.630000000000000000e+02
8.690000000000000000e+02
8.640000000000000000e+02
8.580000000000000000e+02
8.640000000000000000e+02
8.690000000000000000e+02
8.660000000000000000e+02
8.680000000000000000e+02
8.720000000000000000e+02
8.700000000000000000e+02
8.610000000000000000e+02
8.730000000000000000e+02
8.720000000000000000e+02
8.690000000000000000e+02
8.720000000000000000e+02
8.740000000000000000e+02
8.740000000000000000e+02
8.700000000000000000e+02
8.750000000000000000e+02
8.750000000000000000e+02
8.710000000000000000e+02
8.750000000000000000e+02
8.770000000000000000e+02
8.760000000000000000e+02
8.750000000000000000e+02
8.780000000000000000e+02
8.780000000000000000e+02
8.750000000000000000e+02
8.780000000000000000e+02
8.790000000000000000e+02
8.760000000000000000e+02
8.790000000000000000e+02
8.800000000000000000e+02
8.800000000000000000e+02
8.770000000000000000e+02
8.810000000000000000e+02
8.810000000000000000e+02
8.790000000000000000e+02
8.800000000000000000e+02
8.810000000000000000e+02
8.810000000000000000e+02
8.780000000000000000e+02
8.820000000000000000e+02
8.800000000000000000e+02
8.810000000000000000e+02
8.380000000000000000e+02
0.000000000000000000e+00
0.000000000000000000e+00
0.000000000000000000e+00
0.000000000000000000e+00
0.000000000000000000e+00
0.000000000000000000e+00
0.000000000000000000e+00
0.000000000000000000e+00
0.000000000000000000e+00
0.000000000000000000e+00
0.000000000000000000e+00
0.000000000000000000e+00
0.000000000000000000e+00
0.000000000000000000e+00
0.000000000000000000e+00
0.000000000000000000e+00
0.000000000000000000e+00
0.000000000000000000e+00
0.000000000000000000e+00
0.000000000000000000e+00
0.000000000000000000e+00
0.000000000000000000e+00
0.000000000000000000e+00
0.000000000000000000e+00
0.000000000000000000e+00
0.000000000000000000e+00
0.000000000000000000e+00
0.000000000000000000e+00
0.000000000000000000e+00
0.000000000000000000e+00
0.000000000000000000e+00
0.000000000000000000e+00
0.000000000000000000e+00
0.000000000000000000e+00
0.000000000000000000e+00
0.000000000000000000e+00
0.000000000000000000e+00
0.000000000000000000e+00
0.000000000000000000e+00
0.000000000000000000e+00
0.000000000000000000e+00
0.000000000000000000e+00
0.000000000000000000e+00
0.000000000000000000e+00
0.000000000000000000e+00
0.000000000000000000e+00
0.000000000000000000e+00
0.000000000000000000e+00
0.000000000000000000e+00
0.000000000000000000e+00
0.000000000000000000e+00
0.000000000000000000e+00
0.000000000000000000e+00
0.000000000000000000e+00
0.000000000000000000e+00
0.000000000000000000e+00
0.000000000000000000e+00
0.000000000000000000e+00
0.000000000000000000e+00
0.000000000000000000e+00
0.000000000000000000e+00
0.000000000000000000e+00
0.000000000000000000e+00
0.000000000000000000e+00
0.000000000000000000e+00
0.000000000000000000e+00
0.000000000000000000e+00
0.000000000000000000e+00
0.000000000000000000e+00
0.000000000000000000e+00
0.000000000000000000e+00
0.000000000000000000e+00
0.000000000000000000e+00
0.000000000000000000e+00
0.000000000000000000e+00
0.000000000000000000e+00
0.000000000000000000e+00
0.000000000000000000e+00
0.000000000000000000e+00
0.000000000000000000e+00
0.000000000000000000e+00
0.000000000000000000e+00
0.000000000000000000e+00
0.000000000000000000e+00
0.000000000000000000e+00
0.000000000000000000e+00
0.000000000000000000e+00
0.000000000000000000e+00
0.000000000000000000e+00
0.000000000000000000e+00
0.000000000000000000e+00
0.000000000000000000e+00
0.000000000000000000e+00
0.000000000000000000e+00
0.000000000000000000e+00
0.000000000000000000e+00
0.000000000000000000e+00
0.000000000000000000e+00
0.000000000000000000e+00
0.000000000000000000e+00
0.000000000000000000e+00
0.000000000000000000e+00
0.000000000000000000e+00
0.000000000000000000e+00
0.000000000000000000e+00
0.000000000000000000e+00
0.000000000000000000e+00
0.000000000000000000e+00
0.000000000000000000e+00
0.000000000000000000e+00
0.000000000000000000e+00
0.000000000000000000e+00
0.000000000000000000e+00
0.000000000000000000e+00
0.000000000000000000e+00
0.000000000000000000e+00
0.000000000000000000e+00
0.000000000000000000e+00
0.000000000000000000e+00
0.000000000000000000e+00
0.000000000000000000e+00
0.000000000000000000e+00
0.000000000000000000e+00
0.000000000000000000e+00
0.000000000000000000e+00
0.000000000000000000e+00
0.000000000000000000e+00
0.000000000000000000e+00
