0.000000000000000000e+00
0.000000000000000000e+00
0.000000000000000000e+00
0.000000000000000000e+00
0.000000000000000000e+00
0.000000000000000000e+00
0.000000000000000000e+00
0.000000000000000000e+00
0.000000000000000000e+00
0.000000000000000000e+00
0.000000000000000000e+00
0.000000000000000000e+00
0.000000000000000000e+00
0.000000000000000000e+00
0.000000000000000000e+00
0.000000000000000000e+00
0.000000000000000000e+00
0.000000000000000000e+00
0.000000000000000000e+00
0.000000000000000000e+00
0.000000000000000000e+00
0.000000000000000000e+00
0.000000000000000000e+00
7.480000000000000000e+02
9.030000000000000000e+02
9.140000000000000000e+02
9.090000000000000000e+02
8.730000000000000000e+02
8.950000000000000000e+02
8.980000000000000000e+02
8.210000000000000000e+02
9.080000000000000000e+02
8.890000000000000000e+02
8.850000000000000000e+02
8.880000000000000000e+02
9.090000000000000000e+02
8.720000000000000000e+02
8.990000000000000000e+02
8.970000000000000000e+02
8.960000000000000000e+02
8.810000000000000000e+02
9.120000000000000000e+02
8.820000000000000000e+02
8.930000000000000000e+02
9.070000000000000000e+02
8.950000000000000000e+02
8.900000000000000000e+02
9.070000000000000000e+02
9.000000000000000000e+02
8.860000000000000000e+02
9.100000000000000000e+02
8.950000000000000000e+02
8.930000000000000000e+02
9.070000000000000000e+02
8.960000000000000000e+02
8.970000000000000000e+02
9.090000000000000000e+02
8.930000000000000000e+02
9.010000000000000000e+02
9.050000000000000000e+02
9.010000000000000000e+02
8.970000000000000000e+02
9.080000000000000000e+02
8.980000000000000000e+02
9.020000000000000000e+02
9.060000000000000000e+02
9.010000000000000000e+02
9.010000000000000000e+02
9.060000000000000000e+02
9.040000000000000000e+02
8.960000000000000000e+02
9.100000000000000000e+02
8.990000000000000000e+02
9.060000000000000000e+02
8.980000000000000000e+02
9.100000000000000000e+02
8.940000000000000000e+02
9.110000000000000000e+02
8.910000000000000000e+02
9.090000000000000000e+02
9.010000000000000000e+02
9.080000000000000000e+02
8.970000000000000000e+02
9.120000000000000000e+02
8.980000000000000000e+02
9.060000000000000000e+02
9.060000000000000000e+02
9.050000000000000000e+02
9.000000000000000000e+02
9.120000000000000000e+02
8.960000000000000000e+02
9.080000000000000000e+02
9.000000000000000000e+02
9.120000000000000000e+02
8.880000000000000000e+02
9.160000000000000000e+02
8.950000000000000000e+02
9.030000000000000000e+02
9.070000000000000000e+02
9.090000000000000000e+02
4.400000000000000000e+02
0.000000000000000000e+00
0.000000000000000000e+00
0.000000000000000000e+00
0.000000000000000000e+00
0.000000000000000000e+00
0.000000000000000000e+00
0.000000000000000000e+00
0.000000000000000000e+00
0.000000000000000000e+00
0.000000000000000000e+00
0.000000000000000000e+00
0.000000000000000000e+00
0.000000000000000000e+00
0.000000000000000000e+00
0.000000000000000000e+00
0.000000000000000000e+00
0.000000000000000000e+00
0.000000000000000000e+00
0.000000000000000000e+00
0.000000000000000000e+00
0.000000000000000000e+00
0.000000000000000000e+00
0.000000000000000000e+00
0.000000000000000000e+00
0.000000000000000000e+00
0.000000000000000000e+00
0.000000000000000000e+00
0.000000000000000000e+00
0.000000000000000000e+00
0.000000000000000000e+00
0.000000000000000000e+00
0.000000000000000000e+00
0.000000000000000000e+00
0.000000000000000000e+00
0.000000000000000000e+00
0.000000000000000000e+00
0.000000000000000000e+00
0.000000000000000000e+00
6.590000000000000000e+02
0.000000000000000000e+00
3.080000000000000000e+02
6.730000000000000000e+02
7.620000000000000000e+02
4.430000000000000000e+02
7.020000000000000000e+02
7.220000000000000000e+02
7.050000000000000000e+02
4.780000000000000000e+02
7.280000000000000000e+02
7.360000000000000000e+02
5.780000000000000000e+02
6.960000000000000000e+02
7.200000000000000000e+02
6.630000000000000000e+02
6.770000000000000000e+02
7.280000000000000000e+02
6.790000000000000000e+02
6.800000000000000000e+02
7.140000000000000000e+02
7.180000000000000000e+02
6.580000000000000000e+02
7.140000000000000000e+02
7.160000000000000000e+02
6.810000000000000000e+02
7.010000000000000000e+02
7.220000000000000000e+02
6.850000000000000000e+02
7.000000000000000000e+02
7.250000000000000000e+02
6.880000000000000000e+02
6.980000000000000000e+02
7.190000000000000000e+02
7.060000000000000000e+02
6.900000000000000000e+02
7.150000000000000000e+02
7.150000000000000000e+02
6.940000000000000000e+02
7.140000000000000000e+02
7.190000000000000000e+02
6.990000000000000000e+02
7.070000000000000000e+02
7.200000000000000000e+02
7.060000000000000000e+02
7.080000000000000000e+02
7.200000000000000000e+02
7.050000000000000000e+02
7.150000000000000000e+02
7.160000000000000000e+02
7.020000000000000000e+02
7.100000000000000000e+02
7.210000000000000000e+02
7.060000000000000000e+02
7.020000000000000000e+02
7.250000000000000000e+02
7.180000000000000000e+02
7.040000000000000000e+02
7.160000000000000000e+02
7.150000000000000000e+02
7.090000000000000000e+02
7.110000000000000000e+02
7.170000000000000000e+02
7.100000000000000000e+02
7.180000000000000000e+02
7.160000000000000000e+02
7.080000000000000000e+02
7.220000000000000000e+02
7.130000000000000000e+02
7.100000000000000000e+02
0.000000000000000000e+00
7.000000000000000000e+00
8.000000000000000000e+00
7.260000000000000000e+02
0.000000000000000000e+00
0.000000000000000000e+00
0.000000000000000000e+00
0.000000000000000000e+00
0.000000000000000000e+00
0.000000000000000000e+00
0.000000000000000000e+00
0.000000000000000000e+00
0.000000000000000000e+00
0.000000000000000000e+00
0.000000000000000000e+00
0.000000000000000000e+00
0.000000000000000000e+00
0.000000000000000000e+00
0.000000000000000000e+00
0.000000000000000000e+00
0.000000000000000000e+00
0.000000000000000000e+00
0.000000000000000000e+00
0.000000000000000000e+00
0.000000000000000000e+00
0.000000000000000000e+00
0.000000000000000000e+00
0.000000000000000000e+00
0.000000000000000000e+00
0.000000000000000000e+00
0.000000000000000000e+00
0.000000000000000000e+00
0.000000000000000000e+00
0.000000000000000000e+00
0.000000000000000000e+00
0.000000000000000000e+00
0.000000000000000000e+00
0.000000000000000000e+00
0.000000000000000000e+00
0.000000000000000000e+00
0.000000000000000000e+00
0.000000000000000000e+00
0.000000000000000000e+00
0.000000000000000000e+00
0.000000000000000000e+00
0.000000000000000000e+00
0.000000000000000000e+00
0.000000000000000000e+00
0.000000000000000000e+00
0.000000000000000000e+00
0.000000000000000000e+00
0.000000000000000000e+00
0.000000000000000000e+00
0.000000000000000000e+00
0.000000000000000000e+00
0.000000000000000000e+00
0.000000000000000000e+00
0.000000000000000000e+00
0.000000000000000000e+00
0.000000000000000000e+00
0.000000000000000000e+00
0.000000000000000000e+00
0.000000000000000000e+00
0.000000000000000000e+00
0.000000000000000000e+00
0.000000000000000000e+00
0.000000000000000000e+00
0.000000000000000000e+00
0.000000000000000000e+00
0.000000000000000000e+00
0.000000000000000000e+00
0.000000000000000000e+00
0.000000000000000000e+00
0.000000000000000000e+00
0.000000000000000000e+00
0.000000000000000000e+00
0.000000000000000000e+00
0.000000000000000000e+00
0.000000000000000000e+00
0.000000000000000000e+00
0.000000000000000000e+00
0.000000000000000000e+00
0.000000000000000000e+00
0.000000000000000000e+00
0.000000000000000000e+00
0.000000000000000000e+00
0.000000000000000000e+00
0.000000000000000000e+00
0.000000000000000000e+00
0.000000000000000000e+00
0.000000000000000000e+00
