0.000000000000000000e+00
0.000000000000000000e+00
0.000000000000000000e+00
0.000000000000000000e+00
0.000000000000000000e+00
0.000000000000000000e+00
0.000000000000000000e+00
0.000000000000000000e+00
0.000000000000000000e+00
0.000000000000000000e+00
0.000000000000000000e+00
0.000000000000000000e+00
0.000000000000000000e+00
0.000000000000000000e+00
0.000000000000000000e+00
0.000000000000000000e+00
0.000000000000000000e+00
0.000000000000000000e+00
0.000000000000000000e+00
0.000000000000000000e+00
0.000000000000000000e+00
0.000000000000000000e+00
0.000000000000000000e+00
0.000000000000000000e+00
0.000000000000000000e+00
0.000000000000000000e+00
0.000000000000000000e+00
0.000000000000000000e+00
0.000000000000000000e+00
0.000000000000000000e+00
0.000000000000000000e+00
0.000000000000000000e+00
0.000000000000000000e+00
0.000000000000000000e+00
0.000000000000000000e+00
0.000000000000000000e+00
0.000000000000000000e+00
0.000000000000000000e+00
0.000000000000000000e+00
0.000000000000000000e+00
0.000000000000000000e+00
0.000000000000000000e+00
0.000000000000000000e+00
0.000000000000000000e+00
0.000000000000000000e+00
0.000000000000000000e+00
0.000000000000000000e+00
8.500000000000000000e+02
8.680000000000000000e+02
9.240000000000000000e+02
9.450000000000000000e+02
8.770000000000000000e+02
8.860000000000000000e+02
9.510000000000000000e+02
9.290000000000000000e+02
9.220000000000000000e+02
9.200000000000000000e+02
9.470000000000000000e+02
9.120000000000000000e+02
9.260000000000000000e+02
9.420000000000000000e+02
9.310000000000000000e+02
9.220000000000000000e+02
9.450000000000000000e+02
9.280000000000000000e+02
9.290000000000000000e+02
9.420000000000000000e+02
9.360000000000000000e+02
9.220000000000000000e+02
9.460000000000000000e+02
9.350000000000000000e+02
9.300000000000000000e+02
9.380000000000000000e+02
9.420000000000000000e+02
9.280000000000000000e+02
9.420000000000000000e+02
9.410000000000000000e+02
9.290000000000000000e+02
9.420000000000000000e+02
9.380000000000000000e+02
9.370000000000000000e+02
9.380000000000000000e+02
9.420000000000000000e+02
9.360000000000000000e+02
9.400000000000000000e+02
9.400000000000000000e+02
9.340000000000000000e+02
9.420000000000000000e+02
9.400000000000000000e+02
9.360000000000000000e+02
9.420000000000000000e+02
9.430000000000000000e+02
9.350000000000000000e+02
9.390000000000000000e+02
9.400000000000000000e+02
9.350000000000000000e+02
9.380000000000000000e+02
9.430000000000000000e+02
9.370000000000000000e+02
9.370000000000000000e+02
9.430000000000000000e+02
9.400000000000000000e+02
9.370000000000000000e+02
9.440000000000000000e+02
9.380000000000000000e+02
9.400000000000000000e+02
9.420000000000000000e+02
9.410000000000000000e+02
9.400000000000000000e+02
9.410000000000000000e+02
9.450000000000000000e+02
9.320000000000000000e+02
9.460000000000000000e+02
9.400000000000000000e+02
9.430000000000000000e+02
9.410000000000000000e+02
9.440000000000000000e+02
9.350000000000000000e+02
9.440000000000000000e+02
9.120000000000000000e+02
0.000000000000000000e+00
0.000000000000000000e+00
0.000000000000000000e+00
0.000000000000000000e+00
0.000000000000000000e+00
0.000000000000000000e+00
0.000000000000000000e+00
0.000000000000000000e+00
0.000000000000000000e+00
0.000000000000000000e+00
0.000000000000000000e+00
0.000000000000000000e+00
0.000000000000000000e+00
0.000000000000000000e+00
0.000000000000000000e+00
0.000000000000000000e+00
0.000000000000000000e+00
0.000000000000000000e+00
0.000000000000000000e+00
0.000000000000000000e+00
0.000000000000000000e+00
0.000000000000000000e+00
0.000000000000000000e+00
0.000000000000000000e+00
0.000000000000000000e+00
0.000000000000000000e+00
0.000000000000000000e+00
0.000000000000000000e+00
0.000000000000000000e+00
0.000000000000000000e+00
0.000000000000000000e+00
0.000000000000000000e+00
0.000000000000000000e+00
0.000000000000000000e+00
0.000000000000000000e+00
0.000000000000000000e+00
0.000000000000000000e+00
5.910000000000000000e+02
7.300000000000000000e+02
7.690000000000000000e+02
7.970000000000000000e+02
7.970000000000000000e+02
8.870000000000000000e+02
8.230000000000000000e+02
7.980000000000000000e+02
8.610000000000000000e+02
8.700000000000000000e+02
8.260000000000000000e+02
8.230000000000000000e+02
8.700000000000000000e+02
8.470000000000000000e+02
8.230000000000000000e+02
8.590000000000000000e+02
8.470000000000000000e+02
8.410000000000000000e+02
8.480000000000000000e+02
8.610000000000000000e+02
8.490000000000000000e+02
8.440000000000000000e+02
8.600000000000000000e+02
8.570000000000000000e+02
8.450000000000000000e+02
8.630000000000000000e+02
8.600000000000000000e+02
8.450000000000000000e+02
8.590000000000000000e+02
8.530000000000000000e+02
8.540000000000000000e+02
8.450000000000000000e+02
8.640000000000000000e+02
8.470000000000000000e+02
8.470000000000000000e+02
8.660000000000000000e+02
8.480000000000000000e+02
8.590000000000000000e+02
8.580000000000000000e+02
8.560000000000000000e+02
8.540000000000000000e+02
8.620000000000000000e+02
8.520000000000000000e+02
8.630000000000000000e+02
8.560000000000000000e+02
8.510000000000000000e+02
8.690000000000000000e+02
8.460000000000000000e+02
8.650000000000000000e+02
8.580000000000000000e+02
8.560000000000000000e+02
8.610000000000000000e+02
8.590000000000000000e+02
8.560000000000000000e+02
8.640000000000000000e+02
8.530000000000000000e+02
8.660000000000000000e+02
8.540000000000000000e+02
8.570000000000000000e+02
8.610000000000000000e+02
8.610000000000000000e+02
8.570000000000000000e+02
8.620000000000000000e+02
8.580000000000000000e+02
8.630000000000000000e+02
8.580000000000000000e+02
8.580000000000000000e+02
8.680000000000000000e+02
8.560000000000000000e+02
8.620000000000000000e+02
8.650000000000000000e+02
9.090000000000000000e+02
5.840000000000000000e+02
0.000000000000000000e+00
0.000000000000000000e+00
0.000000000000000000e+00
0.000000000000000000e+00
0.000000000000000000e+00
0.000000000000000000e+00
0.000000000000000000e+00
0.000000000000000000e+00
0.000000000000000000e+00
0.000000000000000000e+00
0.000000000000000000e+00
0.000000000000000000e+00
0.000000000000000000e+00
0.000000000000000000e+00
0.000000000000000000e+00
0.000000000000000000e+00
0.000000000000000000e+00
0.000000000000000000e+00
0.000000000000000000e+00
0.000000000000000000e+00
0.000000000000000000e+00
0.000000000000000000e+00
0.000000000000000000e+00
0.000000000000000000e+00
0.000000000000000000e+00
0.000000000000000000e+00
0.000000000000000000e+00
0.000000000000000000e+00
0.000000000000000000e+00
0.000000000000000000e+00
0.000000000000000000e+00
0.000000000000000000e+00
0.000000000000000000e+00
0.000000000000000000e+00
0.000000000000000000e+00
0.000000000000000000e+00
0.000000000000000000e+00
0.000000000000000000e+00
0.000000000000000000e+00
0.000000000000000000e+00
0.000000000000000000e+00
0.000000000000000000e+00
0.000000000000000000e+00
0.000000000000000000e+00
0.000000000000000000e+00
0.000000000000000000e+00
0.000000000000000000e+00
0.000000000000000000e+00
0.000000000000000000e+00
0.000000000000000000e+00
0.000000000000000000e+00
0.000000000000000000e+00
0.000000000000000000e+00
0.000000000000000000e+00
0.000000000000000000e+00
0.000000000000000000e+00
0.000000000000000000e+00
0.000000000000000000e+00
0.000000000000000000e+00
0.000000000000000000e+00
0.000000000000000000e+00
0.000000000000000000e+00
0.000000000000000000e+00
0.000000000000000000e+00
0.000000000000000000e+00
0.000000000000000000e+00
0.000000000000000000e+00
0.000000000000000000e+00
0.000000000000000000e+00
0.000000000000000000e+00
