0.000000000000000000e+00
0.000000000000000000e+00
0.000000000000000000e+00
0.000000000000000000e+00
0.000000000000000000e+00
0.000000000000000000e+00
0.000000000000000000e+00
0.000000000000000000e+00
0.000000000000000000e+00
0.000000000000000000e+00
0.000000000000000000e+00
0.000000000000000000e+00
0.000000000000000000e+00
0.000000000000000000e+00
0.000000000000000000e+00
0.000000000000000000e+00
0.000000000000000000e+00
6.990000000000000000e+02
8.340000000000000000e+02
9.200000000000000000e+02
9.350000000000000000e+02
9.320000000000000000e+02
8.160000000000000000e+02
7.760000000000000000e+02
7.390000000000000000e+02
7.010000000000000000e+02
7.310000000000000000e+02
8.570000000000000000e+02
7.290000000000000000e+02
7.210000000000000000e+02
7.160000000000000000e+02
7.500000000000000000e+02
7.750000000000000000e+02
7.780000000000000000e+02
7.230000000000000000e+02
7.310000000000000000e+02
7.520000000000000000e+02
7.710000000000000000e+02
7.560000000000000000e+02
7.450000000000000000e+02
7.430000000000000000e+02
7.670000000000000000e+02
7.580000000000000000e+02
7.570000000000000000e+02
7.530000000000000000e+02
7.530000000000000000e+02
7.680000000000000000e+02
7.490000000000000000e+02
7.600000000000000000e+02
7.630000000000000000e+02
7.560000000000000000e+02
7.670000000000000000e+02
7.530000000000000000e+02
7.620000000000000000e+02
7.620000000000000000e+02
7.640000000000000000e+02
7.630000000000000000e+02
7.610000000000000000e+02
7.650000000000000000e+02
7.640000000000000000e+02
7.640000000000000000e+02
7.650000000000000000e+02
7.640000000000000000e+02
7.660000000000000000e+02
7.660000000000000000e+02
7.600000000000000000e+02
7.670000000000000000e+02
7.640000000000000000e+02
7.680000000000000000e+02
7.620000000000000000e+02
7.680000000000000000e+02
7.650000000000000000e+02
7.660000000000000000e+02
7.630000000000000000e+02
7.670000000000000000e+02
7.660000000000000000e+02
7.640000000000000000e+02
7.690000000000000000e+02
7.630000000000000000e+02
7.680000000000000000e+02
7.650000000000000000e+02
7.680000000000000000e+02
7.700000000000000000e+02
7.670000000000000000e+02
7.670000000000000000e+02
7.670000000000000000e+02
7.700000000000000000e+02
7.680000000000000000e+02
7.660000000000000000e+02
7.690000000000000000e+02
7.700000000000000000e+02
7.640000000000000000e+02
7.730000000000000000e+02
7.600000000000000000e+02
7.570000000000000000e+02
5.630000000000000000e+02
0.000000000000000000e+00
0.000000000000000000e+00
0.000000000000000000e+00
0.000000000000000000e+00
0.000000000000000000e+00
0.000000000000000000e+00
0.000000000000000000e+00
0.000000000000000000e+00
0.000000000000000000e+00
0.000000000000000000e+00
0.000000000000000000e+00
0.000000000000000000e+00
0.000000000000000000e+00
0.000000000000000000e+00
0.000000000000000000e+00
0.000000000000000000e+00
0.000000000000000000e+00
0.000000000000000000e+00
0.000000000000000000e+00
0.000000000000000000e+00
0.000000000000000000e+00
0.000000000000000000e+00
0.000000000000000000e+00
0.000000000000000000e+00
0.000000000000000000e+00
0.000000000000000000e+00
0.000000000000000000e+00
0.000000000000000000e+00
0.000000000000000000e+00
0.000000000000000000e+00
0.000000000000000000e+00
0.000000000000000000e+00
0.000000000000000000e+00
0.000000000000000000e+00
0.000000000000000000e+00
0.000000000000000000e+00
0.000000000000000000e+00
1.270000000000000000e+02
4.550000000000000000e+02
6.800000000000000000e+02
6.900000000000000000e+02
5.110000000000000000e+02
6.420000000000000000e+02
7.260000000000000000e+02
7.170000000000000000e+02
7.640000000000000000e+02
7.040000000000000000e+02
7.290000000000000000e+02
7.360000000000000000e+02
7.310000000000000000e+02
7.160000000000000000e+02
7.460000000000000000e+02
7.340000000000000000e+02
7.300000000000000000e+02
7.290000000000000000e+02
7.420000000000000000e+02
7.380000000000000000e+02
7.270000000000000000e+02
7.430000000000000000e+02
7.440000000000000000e+02
7.270000000000000000e+02
7.350000000000000000e+02
7.450000000000000000e+02
7.460000000000000000e+02
7.300000000000000000e+02
7.430000000000000000e+02
7.450000000000000000e+02
7.360000000000000000e+02
7.430000000000000000e+02
7.480000000000000000e+02
7.430000000000000000e+02
7.380000000000000000e+02
7.490000000000000000e+02
7.470000000000000000e+02
7.350000000000000000e+02
7.490000000000000000e+02
7.480000000000000000e+02
7.380000000000000000e+02
7.490000000000000000e+02
7.490000000000000000e+02
7.460000000000000000e+02
7.460000000000000000e+02
7.490000000000000000e+02
7.450000000000000000e+02
7.470000000000000000e+02
7.500000000000000000e+02
7.470000000000000000e+02
7.480000000000000000e+02
7.490000000000000000e+02
7.460000000000000000e+02
7.450000000000000000e+02
7.480000000000000000e+02
7.510000000000000000e+02
7.460000000000000000e+02
7.530000000000000000e+02
7.490000000000000000e+02
7.500000000000000000e+02
3.820000000000000000e+02
1.350000000000000000e+02
0.000000000000000000e+00
0.000000000000000000e+00
0.000000000000000000e+00
0.000000000000000000e+00
0.000000000000000000e+00
0.000000000000000000e+00
0.000000000000000000e+00
0.000000000000000000e+00
0.000000000000000000e+00
0.000000000000000000e+00
0.000000000000000000e+00
0.000000000000000000e+00
0.000000000000000000e+00
0.000000000000000000e+00
0.000000000000000000e+00
0.000000000000000000e+00
0.000000000000000000e+00
0.000000000000000000e+00
0.000000000000000000e+00
0.000000000000000000e+00
0.000000000000000000e+00
0.000000000000000000e+00
0.000000000000000000e+00
0.000000000000000000e+00
0.000000000000000000e+00
0.000000000000000000e+00
0.000000000000000000e+00
0.000000000000000000e+00
0.000000000000000000e+00
0.000000000000000000e+00
0.000000000000000000e+00
0.000000000000000000e+00
0.000000000000000000e+00
0.000000000000000000e+00
0.000000000000000000e+00
0.000000000000000000e+00
0.000000000000000000e+00
0.000000000000000000e+00
0.000000000000000000e+00
0.000000000000000000e+00
0.000000000000000000e+00
0.000000000000000000e+00
0.000000000000000000e+00
0.000000000000000000e+00
0.000000000000000000e+00
0.000000000000000000e+00
0.000000000000000000e+00
0.000000000000000000e+00
0.000000000000000000e+00
0.000000000000000000e+00
0.000000000000000000e+00
0.000000000000000000e+00
0.000000000000000000e+00
0.000000000000000000e+00
0.000000000000000000e+00
0.000000000000000000e+00
0.000000000000000000e+00
0.000000000000000000e+00
0.000000000000000000e+00
0.000000000000000000e+00
0.000000000000000000e+00
0.000000000000000000e+00
0.000000000000000000e+00
0.000000000000000000e+00
0.000000000000000000e+00
0.000000000000000000e+00
0.000000000000000000e+00
0.000000000000000000e+00
0.000000000000000000e+00
0.000000000000000000e+00
0.000000000000000000e+00
0.000000000000000000e+00
0.000000000000000000e+00
0.000000000000000000e+00
0.000000000000000000e+00
0.000000000000000000e+00
0.000000000000000000e+00
0.000000000000000000e+00
0.000000000000000000e+00
0.000000000000000000e+00
0.000000000000000000e+00
0.000000000000000000e+00
0.000000000000000000e+00
0.000000000000000000e+00
0.000000000000000000e+00
0.000000000000000000e+00
0.000000000000000000e+00
0.000000000000000000e+00
0.000000000000000000e+00
0.000000000000000000e+00
0.000000000000000000e+00
0.000000000000000000e+00
0.000000000000000000e+00
0.000000000000000000e+00
0.000000000000000000e+00
0.000000000000000000e+00
0.000000000000000000e+00
0.000000000000000000e+00
0.000000000000000000e+00
0.000000000000000000e+00
0.000000000000000000e+00
0.000000000000000000e+00
0.000000000000000000e+00
0.000000000000000000e+00
0.000000000000000000e+00
