0.000000000000000000e+00
0.000000000000000000e+00
0.000000000000000000e+00
0.000000000000000000e+00
0.000000000000000000e+00
0.000000000000000000e+00
0.000000000000000000e+00
0.000000000000000000e+00
0.000000000000000000e+00
0.000000000000000000e+00
0.000000000000000000e+00
0.000000000000000000e+00
0.000000000000000000e+00
0.000000000000000000e+00
0.000000000000000000e+00
0.000000000000000000e+00
0.000000000000000000e+00
0.000000000000000000e+00
0.000000000000000000e+00
0.000000000000000000e+00
0.000000000000000000e+00
0.000000000000000000e+00
0.000000000000000000e+00
0.000000000000000000e+00
0.000000000000000000e+00
0.000000000000000000e+00
7.340000000000000000e+02
8.970000000000000000e+02
9.410000000000000000e+02
9.440000000000000000e+02
9.490000000000000000e+02
8.900000000000000000e+02
8.940000000000000000e+02
9.440000000000000000e+02
9.390000000000000000e+02
9.280000000000000000e+02
8.820000000000000000e+02
9.390000000000000000e+02
9.470000000000000000e+02
9.040000000000000000e+02
9.470000000000000000e+02
9.420000000000000000e+02
9.480000000000000000e+02
9.230000000000000000e+02
9.470000000000000000e+02
9.480000000000000000e+02
9.330000000000000000e+02
9.460000000000000000e+02
9.470000000000000000e+02
9.450000000000000000e+02
9.420000000000000000e+02
9.480000000000000000e+02
9.440000000000000000e+02
9.440000000000000000e+02
9.490000000000000000e+02
9.450000000000000000e+02
9.450000000000000000e+02
9.470000000000000000e+02
9.510000000000000000e+02
9.390000000000000000e+02
9.490000000000000000e+02
9.460000000000000000e+02
9.470000000000000000e+02
9.460000000000000000e+02
9.500000000000000000e+02
9.370000000000000000e+02
9.510000000000000000e+02
9.450000000000000000e+02
9.510000000000000000e+02
9.400000000000000000e+02
9.510000000000000000e+02
9.440000000000000000e+02
9.480000000000000000e+02
9.480000000000000000e+02
9.490000000000000000e+02
9.480000000000000000e+02
9.500000000000000000e+02
9.480000000000000000e+02
9.480000000000000000e+02
9.490000000000000000e+02
9.500000000000000000e+02
9.440000000000000000e+02
9.490000000000000000e+02
9.490000000000000000e+02
9.490000000000000000e+02
9.470000000000000000e+02
9.500000000000000000e+02
9.480000000000000000e+02
9.480000000000000000e+02
9.510000000000000000e+02
9.490000000000000000e+02
9.450000000000000000e+02
9.510000000000000000e+02
9.480000000000000000e+02
9.510000000000000000e+02
9.460000000000000000e+02
9.530000000000000000e+02
9.480000000000000000e+02
9.490000000000000000e+02
9.500000000000000000e+02
9.500000000000000000e+02
9.270000000000000000e+02
7.520000000000000000e+02
0.000000000000000000e+00
0.000000000000000000e+00
0.000000000000000000e+00
0.000000000000000000e+00
0.000000000000000000e+00
0.000000000000000000e+00
0.000000000000000000e+00
0.000000000000000000e+00
0.000000000000000000e+00
0.000000000000000000e+00
0.000000000000000000e+00
0.000000000000000000e+00
0.000000000000000000e+00
0.000000000000000000e+00
0.000000000000000000e+00
0.000000000000000000e+00
0.000000000000000000e+00
0.000000000000000000e+00
0.000000000000000000e+00
0.000000000000000000e+00
0.000000000000000000e+00
0.000000000000000000e+00
0.000000000000000000e+00
0.000000000000000000e+00
0.000000000000000000e+00
0.000000000000000000e+00
0.000000000000000000e+00
0.000000000000000000e+00
0.000000000000000000e+00
0.000000000000000000e+00
0.000000000000000000e+00
0.000000000000000000e+00
0.000000000000000000e+00
0.000000000000000000e+00
0.000000000000000000e+00
0.000000000000000000e+00
0.000000000000000000e+00
0.000000000000000000e+00
0.000000000000000000e+00
0.000000000000000000e+00
6.850000000000000000e+02
8.910000000000000000e+02
9.000000000000000000e+02
8.530000000000000000e+02
7.530000000000000000e+02
5.750000000000000000e+02
9.150000000000000000e+02
9.200000000000000000e+02
8.920000000000000000e+02
7.630000000000000000e+02
9.150000000000000000e+02
9.200000000000000000e+02
8.800000000000000000e+02
8.700000000000000000e+02
9.170000000000000000e+02
9.040000000000000000e+02
8.970000000000000000e+02
8.980000000000000000e+02
9.180000000000000000e+02
8.990000000000000000e+02
8.940000000000000000e+02
9.120000000000000000e+02
9.120000000000000000e+02
9.020000000000000000e+02
8.940000000000000000e+02
9.190000000000000000e+02
8.940000000000000000e+02
9.110000000000000000e+02
9.070000000000000000e+02
9.130000000000000000e+02
9.000000000000000000e+02
9.060000000000000000e+02
9.130000000000000000e+02
9.030000000000000000e+02
9.110000000000000000e+02
9.070000000000000000e+02
9.110000000000000000e+02
9.080000000000000000e+02
9.120000000000000000e+02
9.080000000000000000e+02
9.100000000000000000e+02
9.060000000000000000e+02
9.130000000000000000e+02
9.080000000000000000e+02
9.040000000000000000e+02
9.080000000000000000e+02
9.100000000000000000e+02
9.030000000000000000e+02
9.160000000000000000e+02
9.020000000000000000e+02
9.140000000000000000e+02
9.100000000000000000e+02
9.130000000000000000e+02
9.100000000000000000e+02
9.090000000000000000e+02
9.130000000000000000e+02
9.120000000000000000e+02
9.110000000000000000e+02
9.090000000000000000e+02
9.140000000000000000e+02
9.100000000000000000e+02
9.100000000000000000e+02
9.170000000000000000e+02
9.060000000000000000e+02
9.120000000000000000e+02
9.150000000000000000e+02
9.090000000000000000e+02
9.110000000000000000e+02
9.170000000000000000e+02
8.640000000000000000e+02
8.910000000000000000e+02
9.350000000000000000e+02
8.080000000000000000e+02
0.000000000000000000e+00
0.000000000000000000e+00
0.000000000000000000e+00
0.000000000000000000e+00
0.000000000000000000e+00
0.000000000000000000e+00
0.000000000000000000e+00
0.000000000000000000e+00
0.000000000000000000e+00
0.000000000000000000e+00
0.000000000000000000e+00
0.000000000000000000e+00
0.000000000000000000e+00
0.000000000000000000e+00
0.000000000000000000e+00
0.000000000000000000e+00
0.000000000000000000e+00
0.000000000000000000e+00
0.000000000000000000e+00
0.000000000000000000e+00
0.000000000000000000e+00
0.000000000000000000e+00
0.000000000000000000e+00
0.000000000000000000e+00
0.000000000000000000e+00
0.000000000000000000e+00
0.000000000000000000e+00
0.000000000000000000e+00
0.000000000000000000e+00
0.000000000000000000e+00
0.000000000000000000e+00
0.000000000000000000e+00
0.000000000000000000e+00
0.000000000000000000e+00
0.000000000000000000e+00
0.000000000000000000e+00
0.000000000000000000e+00
0.000000000000000000e+00
0.000000000000000000e+00
0.000000000000000000e+00
0.000000000000000000e+00
0.000000000000000000e+00
0.000000000000000000e+00
0.000000000000000000e+00
0.000000000000000000e+00
0.000000000000000000e+00
0.000000000000000000e+00
0.000000000000000000e+00
0.000000000000000000e+00
0.000000000000000000e+00
0.000000000000000000e+00
0.000000000000000000e+00
0.000000000000000000e+00
0.000000000000000000e+00
0.000000000000000000e+00
0.000000000000000000e+00
0.000000000000000000e+00
0.000000000000000000e+00
0.000000000000000000e+00
0.000000000000000000e+00
0.000000000000000000e+00
0.000000000000000000e+00
0.000000000000000000e+00
0.000000000000000000e+00
0.000000000000000000e+00
0.000000000000000000e+00
0.000000000000000000e+00
0.000000000000000000e+00
0.000000000000000000e+00
0.000000000000000000e+00
0.000000000000000000e+00
0.000000000000000000e+00
0.000000000000000000e+00
0.000000000000000000e+00
0.000000000000000000e+00
0.000000000000000000e+00
0.000000000000000000e+00
0.000000000000000000e+00
0.000000000000000000e+00
0.000000000000000000e+00
0.000000000000000000e+00
0.000000000000000000e+00
0.000000000000000000e+00
0.000000000000000000e+00
