0.000000000000000000e+00
0.000000000000000000e+00
0.000000000000000000e+00
0.000000000000000000e+00
0.000000000000000000e+00
0.000000000000000000e+00
0.000000000000000000e+00
0.000000000000000000e+00
0.000000000000000000e+00
0.000000000000000000e+00
0.000000000000000000e+00
0.000000000000000000e+00
0.000000000000000000e+00
0.000000000000000000e+00
0.000000000000000000e+00
0.000000000000000000e+00
0.000000000000000000e+00
0.000000000000000000e+00
0.000000000000000000e+00
0.000000000000000000e+00
0.000000000000000000e+00
0.000000000000000000e+00
0.000000000000000000e+00
0.000000000000000000e+00
0.000000000000000000e+00
0.000000000000000000e+00
0.000000000000000000e+00
0.000000000000000000e+00
0.000000000000000000e+00
0.000000000000000000e+00
0.000000000000000000e+00
0.000000000000000000e+00
0.000000000000000000e+00
0.000000000000000000e+00
0.000000000000000000e+00
0.000000000000000000e+00
0.000000000000000000e+00
0.000000000000000000e+00
1.910000000000000000e+02
6.000000000000000000e+02
5.800000000000000000e+02
6.000000000000000000e+02
6.890000000000000000e+02
6.970000000000000000e+02
7.340000000000000000e+02
6.770000000000000000e+02
7.580000000000000000e+02
7.610000000000000000e+02
6.810000000000000000e+02
7.610000000000000000e+02
7.510000000000000000e+02
7.620000000000000000e+02
7.440000000000000000e+02
7.650000000000000000e+02
7.740000000000000000e+02
7.390000000000000000e+02
7.660000000000000000e+02
7.580000000000000000e+02
7.600000000000000000e+02
7.540000000000000000e+02
7.700000000000000000e+02
7.610000000000000000e+02
7.600000000000000000e+02
7.650000000000000000e+02
7.630000000000000000e+02
7.650000000000000000e+02
7.660000000000000000e+02
7.630000000000000000e+02
7.630000000000000000e+02
7.670000000000000000e+02
7.660000000000000000e+02
7.660000000000000000e+02
7.720000000000000000e+02
7.680000000000000000e+02
7.670000000000000000e+02
7.670000000000000000e+02
7.720000000000000000e+02
7.630000000000000000e+02
7.740000000000000000e+02
7.660000000000000000e+02
7.710000000000000000e+02
7.710000000000000000e+02
7.740000000000000000e+02
7.700000000000000000e+02
7.700000000000000000e+02
7.720000000000000000e+02
7.660000000000000000e+02
7.770000000000000000e+02
7.680000000000000000e+02
7.720000000000000000e+02
7.750000000000000000e+02
7.730000000000000000e+02
7.680000000000000000e+02
7.750000000000000000e+02
7.760000000000000000e+02
7.650000000000000000e+02
7.780000000000000000e+02
7.750000000000000000e+02
7.730000000000000000e+02
7.190000000000000000e+02
3.000000000000000000e+01
0.000000000000000000e+00
0.000000000000000000e+00
0.000000000000000000e+00
0.000000000000000000e+00
0.000000000000000000e+00
0.000000000000000000e+00
0.000000000000000000e+00
0.000000000000000000e+00
0.000000000000000000e+00
0.000000000000000000e+00
0.000000000000000000e+00
0.000000000000000000e+00
0.000000000000000000e+00
0.000000000000000000e+00
0.000000000000000000e+00
0.000000000000000000e+00
0.000000000000000000e+00
0.000000000000000000e+00
0.000000000000000000e+00
0.000000000000000000e+00
0.000000000000000000e+00
0.000000000000000000e+00
0.000000000000000000e+00
0.000000000000000000e+00
0.000000000000000000e+00
0.000000000000000000e+00
0.000000000000000000e+00
0.000000000000000000e+00
0.000000000000000000e+00
0.000000000000000000e+00
0.000000000000000000e+00
0.000000000000000000e+00
0.000000000000000000e+00
0.000000000000000000e+00
0.000000000000000000e+00
0.000000000000000000e+00
0.000000000000000000e+00
0.000000000000000000e+00
4.230000000000000000e+02
7.410000000000000000e+02
8.340000000000000000e+02
7.120000000000000000e+02
6.050000000000000000e+02
7.440000000000000000e+02
8.610000000000000000e+02
8.690000000000000000e+02
8.100000000000000000e+02
8.060000000000000000e+02
8.230000000000000000e+02
8.540000000000000000e+02
8.510000000000000000e+02
8.170000000000000000e+02
8.660000000000000000e+02
8.440000000000000000e+02
8.330000000000000000e+02
8.510000000000000000e+02
8.530000000000000000e+02
8.750000000000000000e+02
8.520000000000000000e+02
8.320000000000000000e+02
8.660000000000000000e+02
8.620000000000000000e+02
8.640000000000000000e+02
8.680000000000000000e+02
8.420000000000000000e+02
8.730000000000000000e+02
8.580000000000000000e+02
8.650000000000000000e+02
8.680000000000000000e+02
8.640000000000000000e+02
8.660000000000000000e+02
8.610000000000000000e+02
8.690000000000000000e+02
8.720000000000000000e+02
8.680000000000000000e+02
8.690000000000000000e+02
8.690000000000000000e+02
8.760000000000000000e+02
8.710000000000000000e+02
8.640000000000000000e+02
8.760000000000000000e+02
8.700000000000000000e+02
8.800000000000000000e+02
8.640000000000000000e+02
8.740000000000000000e+02
8.770000000000000000e+02
8.660000000000000000e+02
8.740000000000000000e+02
8.840000000000000000e+02
8.720000000000000000e+02
8.760000000000000000e+02
8.590000000000000000e+02
8.850000000000000000e+02
8.790000000000000000e+02
8.730000000000000000e+02
8.760000000000000000e+02
8.790000000000000000e+02
8.810000000000000000e+02
8.780000000000000000e+02
8.770000000000000000e+02
8.800000000000000000e+02
8.800000000000000000e+02
8.780000000000000000e+02
8.830000000000000000e+02
8.820000000000000000e+02
8.780000000000000000e+02
8.800000000000000000e+02
8.810000000000000000e+02
8.860000000000000000e+02
8.830000000000000000e+02
8.760000000000000000e+02
8.830000000000000000e+02
8.840000000000000000e+02
8.830000000000000000e+02
8.810000000000000000e+02
8.810000000000000000e+02
8.840000000000000000e+02
8.820000000000000000e+02
8.850000000000000000e+02
8.900000000000000000e+02
8.870000000000000000e+02
8.740000000000000000e+02
8.840000000000000000e+02
6.540000000000000000e+02
2.900000000000000000e+01
0.000000000000000000e+00
0.000000000000000000e+00
0.000000000000000000e+00
0.000000000000000000e+00
0.000000000000000000e+00
0.000000000000000000e+00
0.000000000000000000e+00
0.000000000000000000e+00
0.000000000000000000e+00
0.000000000000000000e+00
0.000000000000000000e+00
0.000000000000000000e+00
0.000000000000000000e+00
0.000000000000000000e+00
0.000000000000000000e+00
0.000000000000000000e+00
0.000000000000000000e+00
0.000000000000000000e+00
0.000000000000000000e+00
0.000000000000000000e+00
0.000000000000000000e+00
0.000000000000000000e+00
0.000000000000000000e+00
0.000000000000000000e+00
0.000000000000000000e+00
0.000000000000000000e+00
0.000000000000000000e+00
0.000000000000000000e+00
0.000000000000000000e+00
0.000000000000000000e+00
0.000000000000000000e+00
0.000000000000000000e+00
0.000000000000000000e+00
0.000000000000000000e+00
0.000000000000000000e+00
0.000000000000000000e+00
0.000000000000000000e+00
0.000000000000000000e+00
0.000000000000000000e+00
0.000000000000000000e+00
0.000000000000000000e+00
0.000000000000000000e+00
0.000000000000000000e+00
0.000000000000000000e+00
0.000000000000000000e+00
0.000000000000000000e+00
0.000000000000000000e+00
0.000000000000000000e+00
0.000000000000000000e+00
0.000000000000000000e+00
0.000000000000000000e+00
0.000000000000000000e+00
0.000000000000000000e+00
0.000000000000000000e+00
0.000000000000000000e+00
0.000000000000000000e+00
0.000000000000000000e+00
0.000000000000000000e+00
0.000000000000000000e+00
0.000000000000000000e+00
0.000000000000000000e+00
0.000000000000000000e+00
0.000000000000000000e+00
0.000000000000000000e+00
0.000000000000000000e+00
0.000000000000000000e+00
0.000000000000000000e+00
0.000000000000000000e+00
0.000000000000000000e+00
0.000000000000000000e+00
0.000000000000000000e+00
0.000000000000000000e+00
0.000000000000000000e+00
0.000000000000000000e+00
