0.000000000000000000e+00
0.000000000000000000e+00
0.000000000000000000e+00
0.000000000000000000e+00
0.000000000000000000e+00
0.000000000000000000e+00
0.000000000000000000e+00
0.000000000000000000e+00
0.000000000000000000e+00
0.000000000000000000e+00
0.000000000000000000e+00
0.000000000000000000e+00
0.000000000000000000e+00
0.000000000000000000e+00
0.000000000000000000e+00
0.000000000000000000e+00
0.000000000000000000e+00
0.000000000000000000e+00
3.000000000000000000e+00
7.190000000000000000e+02
8.710000000000000000e+02
7.480000000000000000e+02
6.690000000000000000e+02
7.340000000000000000e+02
7.380000000000000000e+02
7.320000000000000000e+02
7.450000000000000000e+02
7.830000000000000000e+02
8.180000000000000000e+02
7.680000000000000000e+02
7.590000000000000000e+02
7.520000000000000000e+02
7.960000000000000000e+02
8.030000000000000000e+02
7.980000000000000000e+02
7.650000000000000000e+02
7.820000000000000000e+02
8.100000000000000000e+02
7.850000000000000000e+02
8.010000000000000000e+02
7.830000000000000000e+02
8.050000000000000000e+02
8.030000000000000000e+02
7.970000000000000000e+02
8.030000000000000000e+02
7.990000000000000000e+02
8.030000000000000000e+02
8.080000000000000000e+02
7.920000000000000000e+02
8.110000000000000000e+02
7.960000000000000000e+02
8.070000000000000000e+02
8.030000000000000000e+02
8.120000000000000000e+02
8.070000000000000000e+02
8.050000000000000000e+02
8.070000000000000000e+02
8.030000000000000000e+02
8.140000000000000000e+02
8.020000000000000000e+02
8.130000000000000000e+02
8.120000000000000000e+02
8.080000000000000000e+02
8.080000000000000000e+02
8.150000000000000000e+02
8.120000000000000000e+02
8.090000000000000000e+02
8.120000000000000000e+02
8.140000000000000000e+02
8.120000000000000000e+02
8.120000000000000000e+02
8.140000000000000000e+02
8.180000000000000000e+02
8.150000000000000000e+02
8.150000000000000000e+02
8.180000000000000000e+02
8.060000000000000000e+02
8.160000000000000000e+02
8.140000000000000000e+02
8.180000000000000000e+02
8.110000000000000000e+02
8.190000000000000000e+02
8.130000000000000000e+02
8.180000000000000000e+02
8.110000000000000000e+02
8.190000000000000000e+02
8.150000000000000000e+02
8.080000000000000000e+02
6.200000000000000000e+02
0.000000000000000000e+00
0.000000000000000000e+00
0.000000000000000000e+00
0.000000000000000000e+00
0.000000000000000000e+00
0.000000000000000000e+00
0.000000000000000000e+00
0.000000000000000000e+00
0.000000000000000000e+00
0.000000000000000000e+00
0.000000000000000000e+00
0.000000000000000000e+00
0.000000000000000000e+00
0.000000000000000000e+00
0.000000000000000000e+00
0.000000000000000000e+00
0.000000000000000000e+00
0.000000000000000000e+00
0.000000000000000000e+00
0.000000000000000000e+00
0.000000000000000000e+00
0.000000000000000000e+00
0.000000000000000000e+00
0.000000000000000000e+00
0.000000000000000000e+00
0.000000000000000000e+00
0.000000000000000000e+00
0.000000000000000000e+00
0.000000000000000000e+00
0.000000000000000000e+00
0.000000000000000000e+00
0.000000000000000000e+00
0.000000000000000000e+00
0.000000000000000000e+00
0.000000000000000000e+00
0.000000000000000000e+00
0.000000000000000000e+00
9.300000000000000000e+01
4.250000000000000000e+02
2.400000000000000000e+02
3.050000000000000000e+02
3.350000000000000000e+02
5.460000000000000000e+02
5.310000000000000000e+02
5.080000000000000000e+02
4.950000000000000000e+02
5.490000000000000000e+02
5.190000000000000000e+02
5.300000000000000000e+02
5.310000000000000000e+02
5.450000000000000000e+02
5.510000000000000000e+02
5.300000000000000000e+02
5.360000000000000000e+02
5.720000000000000000e+02
5.450000000000000000e+02
5.340000000000000000e+02
5.660000000000000000e+02
5.610000000000000000e+02
5.340000000000000000e+02
5.690000000000000000e+02
5.720000000000000000e+02
5.380000000000000000e+02
5.670000000000000000e+02
5.730000000000000000e+02
5.680000000000000000e+02
5.670000000000000000e+02
5.740000000000000000e+02
5.660000000000000000e+02
5.680000000000000000e+02
5.750000000000000000e+02
5.680000000000000000e+02
5.700000000000000000e+02
5.740000000000000000e+02
5.730000000000000000e+02
5.510000000000000000e+02
5.740000000000000000e+02
5.750000000000000000e+02
5.720000000000000000e+02
5.730000000000000000e+02
5.770000000000000000e+02
5.710000000000000000e+02
5.720000000000000000e+02
5.770000000000000000e+02
5.740000000000000000e+02
5.730000000000000000e+02
5.770000000000000000e+02
5.750000000000000000e+02
5.730000000000000000e+02
5.780000000000000000e+02
5.630000000000000000e+02
5.740000000000000000e+02
5.770000000000000000e+02
5.640000000000000000e+02
5.730000000000000000e+02
5.700000000000000000e+02
5.690000000000000000e+02
5.750000000000000000e+02
5.750000000000000000e+02
5.710000000000000000e+02
5.790000000000000000e+02
5.780000000000000000e+02
5.770000000000000000e+02
5.800000000000000000e+02
5.780000000000000000e+02
5.720000000000000000e+02
5.770000000000000000e+02
5.770000000000000000e+02
5.750000000000000000e+02
5.800000000000000000e+02
5.750000000000000000e+02
5.820000000000000000e+02
5.800000000000000000e+02
5.760000000000000000e+02
5.810000000000000000e+02
5.830000000000000000e+02
5.800000000000000000e+02
5.800000000000000000e+02
5.820000000000000000e+02
5.820000000000000000e+02
5.820000000000000000e+02
5.830000000000000000e+02
5.830000000000000000e+02
5.820000000000000000e+02
5.780000000000000000e+02
5.840000000000000000e+02
5.780000000000000000e+02
5.840000000000000000e+02
5.820000000000000000e+02
5.820000000000000000e+02
5.850000000000000000e+02
5.850000000000000000e+02
5.830000000000000000e+02
5.820000000000000000e+02
5.840000000000000000e+02
5.800000000000000000e+02
5.840000000000000000e+02
5.830000000000000000e+02
5.660000000000000000e+02
5.770000000000000000e+02
5.650000000000000000e+02
5.770000000000000000e+02
5.690000000000000000e+02
5.820000000000000000e+02
5.770000000000000000e+02
5.760000000000000000e+02
0.000000000000000000e+00
0.000000000000000000e+00
0.000000000000000000e+00
0.000000000000000000e+00
0.000000000000000000e+00
0.000000000000000000e+00
0.000000000000000000e+00
0.000000000000000000e+00
0.000000000000000000e+00
0.000000000000000000e+00
0.000000000000000000e+00
0.000000000000000000e+00
0.000000000000000000e+00
0.000000000000000000e+00
0.000000000000000000e+00
0.000000000000000000e+00
0.000000000000000000e+00
0.000000000000000000e+00
0.000000000000000000e+00
0.000000000000000000e+00
0.000000000000000000e+00
0.000000000000000000e+00
0.000000000000000000e+00
0.000000000000000000e+00
0.000000000000000000e+00
0.000000000000000000e+00
0.000000000000000000e+00
0.000000000000000000e+00
0.000000000000000000e+00
0.000000000000000000e+00
0.000000000000000000e+00
0.000000000000000000e+00
0.000000000000000000e+00
0.000000000000000000e+00
0.000000000000000000e+00
0.000000000000000000e+00
0.000000000000000000e+00
0.000000000000000000e+00
0.000000000000000000e+00
0.000000000000000000e+00
0.000000000000000000e+00
0.000000000000000000e+00
0.000000000000000000e+00
0.000000000000000000e+00
0.000000000000000000e+00
0.000000000000000000e+00
0.000000000000000000e+00
0.000000000000000000e+00
0.000000000000000000e+00
0.000000000000000000e+00
0.000000000000000000e+00
0.000000000000000000e+00
0.000000000000000000e+00
0.000000000000000000e+00
0.000000000000000000e+00
0.000000000000000000e+00
0.000000000000000000e+00
0.000000000000000000e+00
0.000000000000000000e+00
0.000000000000000000e+00
0.000000000000000000e+00
0.000000000000000000e+00
0.000000000000000000e+00
0.000000000000000000e+00
0.000000000000000000e+00
