0.000000000000000000e+00
0.000000000000000000e+00
0.000000000000000000e+00
0.000000000000000000e+00
0.000000000000000000e+00
0.000000000000000000e+00
0.000000000000000000e+00
0.000000000000000000e+00
0.000000000000000000e+00
0.000000000000000000e+00
0.000000000000000000e+00
0.000000000000000000e+00
0.000000000000000000e+00
0.000000000000000000e+00
0.000000000000000000e+00
0.000000000000000000e+00
0.000000000000000000e+00
0.000000000000000000e+00
0.000000000000000000e+00
0.000000000000000000e+00
0.000000000000000000e+00
0.000000000000000000e+00
0.000000000000000000e+00
0.000000000000000000e+00
0.000000000000000000e+00
0.000000000000000000e+00
0.000000000000000000e+00
0.000000000000000000e+00
0.000000000000000000e+00
0.000000000000000000e+00
0.000000000000000000e+00
0.000000000000000000e+00
7.820000000000000000e+02
8.890000000000000000e+02
8.800000000000000000e+02
8.620000000000000000e+02
9.070000000000000000e+02
8.750000000000000000e+02
9.280000000000000000e+02
8.930000000000000000e+02
9.240000000000000000e+02
8.450000000000000000e+02
9.260000000000000000e+02
8.850000000000000000e+02
9.260000000000000000e+02
8.890000000000000000e+02
9.170000000000000000e+02
9.070000000000000000e+02
9.210000000000000000e+02
9.020000000000000000e+02
9.180000000000000000e+02
9.060000000000000000e+02
9.220000000000000000e+02
9.060000000000000000e+02
9.200000000000000000e+02
9.120000000000000000e+02
9.200000000000000000e+02
9.130000000000000000e+02
9.170000000000000000e+02
9.140000000000000000e+02
9.200000000000000000e+02
9.160000000000000000e+02
9.140000000000000000e+02
9.190000000000000000e+02
9.160000000000000000e+02
9.160000000000000000e+02
9.190000000000000000e+02
9.190000000000000000e+02
9.170000000000000000e+02
9.200000000000000000e+02
9.160000000000000000e+02
9.200000000000000000e+02
9.190000000000000000e+02
9.160000000000000000e+02
9.200000000000000000e+02
9.190000000000000000e+02
9.180000000000000000e+02
9.180000000000000000e+02
9.210000000000000000e+02
9.180000000000000000e+02
9.190000000000000000e+02
9.200000000000000000e+02
9.190000000000000000e+02
9.200000000000000000e+02
9.180000000000000000e+02
9.210000000000000000e+02
9.200000000000000000e+02
9.170000000000000000e+02
9.220000000000000000e+02
9.170000000000000000e+02
9.210000000000000000e+02
9.190000000000000000e+02
9.210000000000000000e+02
9.180000000000000000e+02
9.210000000000000000e+02
9.180000000000000000e+02
9.220000000000000000e+02
9.180000000000000000e+02
9.210000000000000000e+02
8.180000000000000000e+02
0.000000000000000000e+00
0.000000000000000000e+00
0.000000000000000000e+00
0.000000000000000000e+00
0.000000000000000000e+00
0.000000000000000000e+00
0.000000000000000000e+00
0.000000000000000000e+00
0.000000000000000000e+00
0.000000000000000000e+00
0.000000000000000000e+00
0.000000000000000000e+00
0.000000000000000000e+00
0.000000000000000000e+00
0.000000000000000000e+00
0.000000000000000000e+00
0.000000000000000000e+00
0.000000000000000000e+00
0.000000000000000000e+00
0.000000000000000000e+00
0.000000000000000000e+00
0.000000000000000000e+00
0.000000000000000000e+00
0.000000000000000000e+00
0.000000000000000000e+00
0.000000000000000000e+00
0.000000000000000000e+00
0.000000000000000000e+00
0.000000000000000000e+00
0.000000000000000000e+00
0.000000000000000000e+00
0.000000000000000000e+00
0.000000000000000000e+00
0.000000000000000000e+00
0.000000000000000000e+00
0.000000000000000000e+00
0.000000000000000000e+00
0.000000000000000000e+00
0.000000000000000000e+00
0.000000000000000000e+00
0.000000000000000000e+00
0.000000000000000000e+00
0.000000000000000000e+00
0.000000000000000000e+00
4.550000000000000000e+02
8.570000000000000000e+02
8.750000000000000000e+02
8.960000000000000000e+02
8.430000000000000000e+02
8.290000000000000000e+02
8.510000000000000000e+02
7.630000000000000000e+02
8.200000000000000000e+02
8.660000000000000000e+02
8.330000000000000000e+02
7.440000000000000000e+02
8.490000000000000000e+02
8.490000000000000000e+02
8.080000000000000000e+02
8.210000000000000000e+02
8.590000000000000000e+02
8.310000000000000000e+02
8.250000000000000000e+02
8.440000000000000000e+02
8.480000000000000000e+02
8.190000000000000000e+02
8.380000000000000000e+02
8.540000000000000000e+02
8.250000000000000000e+02
8.310000000000000000e+02
8.510000000000000000e+02
8.310000000000000000e+02
8.350000000000000000e+02
8.480000000000000000e+02
8.420000000000000000e+02
8.410000000000000000e+02
8.390000000000000000e+02
8.490000000000000000e+02
8.330000000000000000e+02
8.430000000000000000e+02
8.460000000000000000e+02
8.460000000000000000e+02
8.310000000000000000e+02
8.510000000000000000e+02
8.410000000000000000e+02
8.360000000000000000e+02
8.440000000000000000e+02
8.470000000000000000e+02
8.440000000000000000e+02
8.370000000000000000e+02
8.490000000000000000e+02
8.400000000000000000e+02
8.440000000000000000e+02
8.430000000000000000e+02
8.490000000000000000e+02
8.440000000000000000e+02
8.370000000000000000e+02
8.510000000000000000e+02
8.400000000000000000e+02
8.470000000000000000e+02
8.430000000000000000e+02
8.500000000000000000e+02
8.390000000000000000e+02
8.470000000000000000e+02
8.480000000000000000e+02
8.410000000000000000e+02
8.450000000000000000e+02
8.450000000000000000e+02
8.500000000000000000e+02
8.370000000000000000e+02
8.500000000000000000e+02
8.480000000000000000e+02
8.460000000000000000e+02
8.430000000000000000e+02
8.500000000000000000e+02
8.460000000000000000e+02
8.470000000000000000e+02
8.450000000000000000e+02
0.000000000000000000e+00
0.000000000000000000e+00
0.000000000000000000e+00
0.000000000000000000e+00
0.000000000000000000e+00
0.000000000000000000e+00
0.000000000000000000e+00
0.000000000000000000e+00
0.000000000000000000e+00
0.000000000000000000e+00
0.000000000000000000e+00
0.000000000000000000e+00
0.000000000000000000e+00
0.000000000000000000e+00
0.000000000000000000e+00
0.000000000000000000e+00
0.000000000000000000e+00
0.000000000000000000e+00
0.000000000000000000e+00
0.000000000000000000e+00
0.000000000000000000e+00
0.000000000000000000e+00
0.000000000000000000e+00
0.000000000000000000e+00
0.000000000000000000e+00
0.000000000000000000e+00
0.000000000000000000e+00
0.000000000000000000e+00
0.000000000000000000e+00
0.000000000000000000e+00
0.000000000000000000e+00
0.000000000000000000e+00
0.000000000000000000e+00
0.000000000000000000e+00
0.000000000000000000e+00
0.000000000000000000e+00
0.000000000000000000e+00
0.000000000000000000e+00
0.000000000000000000e+00
0.000000000000000000e+00
0.000000000000000000e+00
0.000000000000000000e+00
0.000000000000000000e+00
0.000000000000000000e+00
0.000000000000000000e+00
0.000000000000000000e+00
0.000000000000000000e+00
0.000000000000000000e+00
0.000000000000000000e+00
0.000000000000000000e+00
0.000000000000000000e+00
0.000000000000000000e+00
0.000000000000000000e+00
0.000000000000000000e+00
0.000000000000000000e+00
0.000000000000000000e+00
0.000000000000000000e+00
0.000000000000000000e+00
0.000000000000000000e+00
0.000000000000000000e+00
0.000000000000000000e+00
0.000000000000000000e+00
0.000000000000000000e+00
0.000000000000000000e+00
0.000000000000000000e+00
0.000000000000000000e+00
0.000000000000000000e+00
0.000000000000000000e+00
0.000000000000000000e+00
0.000000000000000000e+00
0.000000000000000000e+00
0.000000000000000000e+00
0.000000000000000000e+00
0.000000000000000000e+00
0.000000000000000000e+00
0.000000000000000000e+00
0.000000000000000000e+00
0.000000000000000000e+00
0.000000000000000000e+00
0.000000000000000000e+00
0.000000000000000000e+00
0.000000000000000000e+00
