0,1
1,0
2,7
3,10
4,13
5,16
6,18
7,20
8,23
9,23
10,27
11,29
12,30
13,32
14,37
15,36
16,38
17,39
18,41
19,46
20,44
21,46
22,47
23,48
24,51
25,51
26,53
27,49
28,55
29,58
30,58
31,60
32,61
33,61
34,63
35,62
36,64
37,70
38,67
39,69
40,66
41,72
42,75
43,73
44,73
45,73
46,75
47,78
48,77
49,79
50,80
51,80
52,82
53,80
54,84
55,87
56,84
57,87
58,81
59,88
60,94
61,88
62,92
63,91
64,92
65,96
66,93
67,96
68,98
69,97
70,99
71,93
72,99
73,103
74,99
75,102
76,101
77,103
78,107
79,105
80,105
81,108
82,108
83,111
84,114
85,110
86,113
87,119
88,109
89,116
90,119
91,114
92,118
93,119
94,117
95,117
96,118
97,116
98,119
99,120
100,120
101,124
102,122
103,122
104,125
105,125
106,122
107,126
108,128
109,123
110,128
111,133
112,128
113,129
114,134
115,130
116,130
117,134
118,133
119,132
120,136
121,136
122,131
123,137
124,139
125,136
126,139
127,143
128,139
129,140
130,147
131,141
132,141
133,145
134,144
135,140
136,146
137,145
138,142
139,144
140,147
141,146
142,147
143,149
144,147
145,146
146,153
147,148
148,147
149,153
150,151
151,146
152,153
153,153
154,151
155,154
156,155
157,153
158,154
159,156
160,153
161,156
162,159
163,155
164,152
165,160
166,157
167,155
168,159
169,162
170,160
171,163
172,164
173,162
174,161
175,165
176,164
177,160
178,163
179,165
180,161
181,170
182,168
183,166
184,169
185,170
186,168
187,171
188,171
189,171
190,171
191,173
192,173
193,169
194,170
195,172
196,170
197,175
198,174
199,172
200,181
201,179
202,178
203,180
204,181
205,181
206,180
207,183
208,183
209,179
210,185
211,184
212,183
213,186
214,186
215,185
216,190
217,187
218,186
219,188
220,188
221,188
222,186
223,190
224,189
225,189
226,191
227,191
228,191
229,192
230,192
231,192
232,196
233,194
234,193
235,194
236,195
237,195
238,193
239,196
240,196
241,196
242,197
243,197
244,198
245,198
246,199
247,199
248,199
249,199
250,199
251,194
252,196
253,195
254,194
255,196
