0,0
1,0
2,6
3,9
4,12
5,15
6,17
7,19
8,21
9,21
10,25
11,27
12,29
13,31
14,31
15,34
16,36
17,37
18,39
19,44
20,42
21,44
22,44
23,46
24,49
25,48
26,50
27,48
28,53
29,55
30,55
31,57
32,55
33,59
34,61
35,60
36,63
37,63
38,64
39,67
40,66
41,68
42,73
43,70
44,72
45,68
46,73
47,78
48,74
49,77
50,76
51,78
52,81
53,79
54,81
55,82
56,82
57,85
58,81
59,86
60,89
61,87
62,90
63,86
64,90
65,95
66,91
67,94
68,93
69,95
70,99
71,95
72,98
73,98
74,98
75,102
76,97
77,102
78,107
79,102
80,104
81,106
82,104
83,107
84,107
85,107
86,110
87,109
88,109
89,112
90,111
91,112
92,116
93,112
94,115
95,121
96,111
97,117
98,119
99,114
100,120
101,121
102,116
103,122
104,123
105,121
106,123
107,129
108,123
109,124
110,127
111,121
112,123
113,127
114,127
115,126
116,129
117,129
118,124
119,130
120,133
121,130
122,132
123,138
124,133
125,135
126,141
127,136
128,136
129,140
130,139
131,136
132,141
133,141
134,135
135,142
136,143
137,141
138,143
139,145
140,143
141,144
142,149
143,145
144,145
145,152
146,147
147,144
148,150
149,150
150,147
151,151
152,152
153,150
154,152
155,154
156,152
157,152
158,157
159,154
160,152
161,159
162,156
163,151
164,159
165,158
166,156
167,159
168,160
169,158
170,160
171,162
172,160
173,161
174,163
175,162
176,162
177,165
178,164
179,160
180,169
181,165
182,164
183,170
184,167
185,166
186,168
187,169
188,168
189,169
190,171
191,170
192,168
193,172
194,171
195,167
196,173
197,173
198,172
199,177
200,174
201,173
202,178
203,176
204,175
205,177
206,177
207,176
208,176
209,178
210,177
211,175
212,179
213,178
214,179
215,182
216,182
217,181
218,183
219,183
220,182
221,187
222,184
223,184
224,185
225,186
226,186
227,183
228,187
229,187
230,187
231,189
232,188
233,188
234,190
235,190
236,190
237,191
238,191
239,190
240,189
241,191
242,191
243,191
244,192
245,193
246,193
247,193
248,194
249,194
250,195
251,195
252,195
253,197
254,196
255,196
