0,0
1,0
2,6
3,9
4,12
5,15
6,17
7,19
8,22
9,25
10,26
11,29
12,30
13,32
14,37
15,35
16,38
17,38
18,41
19,43
20,43
21,45
22,42
23,48
24,50
25,50
26,53
27,55
28,55
29,57
30,57
31,59
32,63
33,61
34,63
35,60
36,65
37,68
38,66
39,69
40,68
41,70
42,73
43,72
44,74
45,75
46,76
47,78
48,76
49,79
50,85
51,80
52,83
53,79
54,84
55,89
56,85
57,88
58,88
59,89
60,92
61,90
62,92
63,94
64,93
65,96
66,90
67,96
68,102
69,97
70,100
71,100
72,100
73,103
74,102
75,103
76,106
77,104
78,105
79,109
80,103
81,108
82,114
83,105
84,111
85,113
86,110
87,113
88,114
89,113
90,116
91,116
92,115
93,119
94,117
95,118
96,121
97,119
98,120
99,125
100,120
101,122
102,126
103,123
104,124
105,127
106,126
107,125
108,128
109,129
110,124
111,130
112,132
113,126
114,131
115,135
116,131
117,133
118,140
119,134
120,134
121,138
122,137
123,136
124,139
125,139
126,134
127,141
128,142
129,139
130,142
131,144
132,141
133,143
134,149
135,144
136,144
137,150
138,146
139,145
140,149
141,149
142,144
143,150
144,151
145,148
146,151
147,153
148,151
149,152
150,155
151,153
152,153
153,159
154,155
155,152
156,160
157,157
158,153
159,159
160,159
161,157
162,160
163,161
164,159
165,161
166,163
167,161
168,162
169,165
170,163
171,160
172,169
173,165
174,163
175,168
176,167
177,166
178,168
179,169
180,168
181,169
182,171
183,169
184,169
185,172
186,171
187,167
188,175
189,173
190,172
191,178
192,175
193,174
194,176
195,176
196,175
197,176
198,178
199,177
200,176
201,179
202,179
203,177
204,181
205,180
206,179
207,185
208,182
209,181
210,184
211,183
212,183
213,184
214,185
215,184
216,181
217,186
218,186
219,185
220,187
221,187
222,187
223,190
224,189
225,188
226,193
227,190
228,190
229,190
230,191
231,191
232,188
233,192
234,192
235,192
236,194
237,194
238,194
239,195
240,195
241,195
242,197
243,196
244,196
245,200
246,197
247,198
248,197
249,199
250,199
251,199
252,200
253,200
254,200
255,201
