0,0
1,0
2,6
3,10
4,13
5,15
6,18
7,20
8,22
9,27
10,26
11,28
12,29
13,32
14,38
15,35
16,38
17,38
18,40
19,43
20,43
21,45
22,44
23,48
24,50
25,50
26,53
27,49
28,55
29,57
30,57
31,59
32,61
33,61
34,63
35,63
36,65
37,70
38,66
39,69
40,65
41,70
42,74
43,72
44,74
45,74
46,75
47,78
48,76
49,79
50,81
51,80
52,83
53,78
54,84
55,90
56,85
57,87
58,86
59,88
60,92
61,89
62,92
63,92
64,92
65,96
66,92
67,96
68,97
69,97
70,100
71,97
72,100
73,104
74,97
75,103
76,104
77,103
78,106
79,106
80,105
81,108
82,108
83,108
84,111
85,110
86,110
87,114
88,111
89,113
90,119
91,110
92,115
93,119
94,112
95,118
96,120
97,117
98,120
99,121
100,120
101,123
102,123
103,120
104,124
105,126
106,120
107,126
108,131
109,126
110,127
111,132
112,128
113,129
114,132
115,131
116,130
117,133
118,134
119,128
120,135
121,136
122,133
123,136
124,139
125,136
126,137
127,143
128,139
129,138
130,141
131,141
132,136
133,141
134,142
135,139
136,139
137,138
138,136
139,140
140,145
141,144
142,143
143,150
144,145
145,144
146,148
147,147
148,142
149,149
150,149
151,147
152,150
153,151
154,150
155,151
156,153
157,152
158,152
159,158
160,154
161,150
162,158
163,156
164,154
165,158
166,158
167,156
168,158
169,160
170,158
171,159
172,161
173,160
174,160
175,163
176,162
177,158
178,167
179,164
180,163
181,166
182,166
183,164
184,166
185,167
186,166
187,167
188,169
189,168
190,168
191,171
192,170
193,167
194,174
195,171
196,170
197,176
198,173
199,172
200,174
201,175
202,174
203,174
204,176
205,175
206,172
207,177
208,177
209,176
210,179
211,178
212,178
213,183
214,180
215,179
216,183
217,181
218,181
219,182
220,182
221,182
222,178
223,185
224,184
225,184
226,186
227,185
228,185
229,187
230,188
231,187
232,191
233,189
234,189
235,188
236,190
237,190
238,190
239,191
240,191
241,191
242,192
243,193
244,192
245,193
246,193
247,193
248,195
249,194
250,194
251,194
252,195
253,195
254,196
255,196
