0,1
1,0
2,7
3,10
4,13
5,16
6,18
7,20
8,22
9,27
10,27
11,29
12,30
13,33
14,38
15,36
16,38
17,39
18,41
19,44
20,44
21,46
22,44
23,49
24,51
25,51
26,53
27,53
28,56
29,58
30,57
31,60
32,63
33,62
34,64
35,63
36,65
37,71
38,67
39,70
40,65
41,71
42,74
43,73
44,75
45,75
46,77
47,79
48,78
49,80
50,81
51,81
52,84
53,80
54,85
55,91
56,86
57,89
58,87
59,90
60,94
61,90
62,93
63,93
64,94
65,97
66,92
67,97
68,99
69,98
70,101
71,99
72,101
73,107
74,100
75,104
76,109
77,104
78,107
79,108
80,107
81,110
82,110
83,110
84,113
85,112
86,112
87,115
88,113
89,114
90,118
91,114
92,117
93,124
94,114
95,117
96,121
97,114
98,119
99,121
100,118
101,121
102,122
103,116
104,122
105,125
106,120
107,124
108,132
109,126
110,127
111,131
112,130
113,129
114,133
115,133
116,129
117,134
118,136
119,131
120,136
121,139
122,136
123,137
124,143
125,138
126,138
127,143
128,141
129,140
130,143
131,143
132,138
133,144
134,145
135,143
136,145
137,148
138,145
139,146
140,153
141,148
142,147
143,152
144,150
145,146
146,152
147,152
148,150
149,153
150,154
151,153
152,153
153,154
154,153
155,153
156,159
157,155
158,152
159,159
160,156
161,153
162,159
163,159
164,157
165,160
166,162
167,161
168,162
169,165
170,163
171,163
172,166
173,165
174,161
175,171
176,167
177,165
178,169
179,168
180,167
181,169
182,170
183,169
184,170
185,172
186,171
187,171
188,174
189,172
190,169
191,176
192,175
193,174
194,180
195,176
196,176
197,178
198,178
199,177
200,178
201,180
202,179
203,176
204,181
205,180
206,176
207,181
208,180
209,179
210,185
211,182
212,180
213,183
214,183
215,182
216,180
217,184
218,183
219,182
220,185
221,185
222,184
223,186
224,186
225,186
226,190
227,188
228,188
229,190
230,190
231,189
232,186
233,191
234,191
235,189
236,191
237,191
238,191
239,192
240,192
241,193
242,195
243,195
244,193
245,197
246,195
247,196
248,198
249,199
250,199
251,198
252,200
253,200
254,201
255,201
