0,0
1,0
2,7
3,10
4,13
5,16
6,19
7,21
8,23
9,28
10,27
11,30
12,31
13,33
14,39
15,37
16,39
17,40
18,42
19,45
20,45
21,46
22,44
23,50
24,52
25,53
26,55
27,57
28,57
29,59
30,59
31,62
32,67
33,64
34,66
35,64
36,68
37,71
38,69
39,71
40,71
41,73
42,75
43,74
44,77
45,79
46,95
47,76
48,73
49,78
50,84
51,79
52,81
53,80
54,82
55,86
56,83
57,86
58,86
59,87
60,90
61,88
62,90
63,92
64,91
65,94
66,90
67,95
68,100
69,95
70,102
71,99
72,97
73,101
74,98
75,101
76,107
77,98
78,105
79,105
80,103
81,107
82,106
83,105
84,110
85,108
86,108
87,111
88,109
89,111
90,114
91,111
92,113
93,119
94,110
95,115
96,119
97,112
98,118
99,119
100,117
101,120
102,121
103,116
104,122
105,125
106,121
107,123
108,128
109,124
110,124
111,128
112,126
113,126
114,129
115,129
116,126
117,130
118,131
119,127
120,131
121,134
122,131
123,133
124,139
125,134
126,134
127,139
128,136
129,135
130,139
131,139
132,136
133,142
134,143
135,140
136,144
137,147
138,144
139,145
140,149
141,146
142,146
143,152
144,149
145,146
146,152
147,151
148,150
149,154
150,154
151,149
152,152
153,153
154,151
155,150
156,155
157,153
158,152
159,157
160,155
161,150
162,176
163,158
164,156
165,159
166,160
167,158
168,160
169,162
170,160
171,160
172,163
173,162
174,160
175,167
176,164
177,162
178,167
179,166
180,165
181,167
182,167
183,166
184,167
185,169
186,168
187,168
188,171
189,170
190,167
191,175
192,171
193,170
194,175
195,173
196,172
197,174
198,175
199,174
200,174
201,176
202,175
203,172
204,178
205,177
206,176
207,179
208,179
209,178
210,183
211,180
212,179
213,181
214,181
215,181
216,178
217,183
218,182
219,182
220,184
221,184
222,184
223,186
224,185
225,185
226,189
227,187
228,186
229,186
230,188
231,188
232,186
233,189
234,189
235,189
236,190
237,190
238,190
239,192
240,192
241,192
242,195
243,193
244,193
245,192
246,194
247,194
248,194
249,195
250,195
251,195
252,196
253,196
254,197
255,197
