0.000000000000000000e+00
0.000000000000000000e+00
0.000000000000000000e+00
0.000000000000000000e+00
0.000000000000000000e+00
0.000000000000000000e+00
0.000000000000000000e+00
0.000000000000000000e+00
0.000000000000000000e+00
0.000000000000000000e+00
0.000000000000000000e+00
0.000000000000000000e+00
0.000000000000000000e+00
0.000000000000000000e+00
0.000000000000000000e+00
0.000000000000000000e+00
0.000000000000000000e+00
0.000000000000000000e+00
0.000000000000000000e+00
0.000000000000000000e+00
0.000000000000000000e+00
0.000000000000000000e+00
0.000000000000000000e+00
0.000000000000000000e+00
0.000000000000000000e+00
0.000000000000000000e+00
0.000000000000000000e+00
0.000000000000000000e+00
0.000000000000000000e+00
0.000000000000000000e+00
0.000000000000000000e+00
0.000000000000000000e+00
0.000000000000000000e+00
0.000000000000000000e+00
0.000000000000000000e+00
0.000000000000000000e+00
0.000000000000000000e+00
0.000000000000000000e+00
0.000000000000000000e+00
0.000000000000000000e+00
0.000000000000000000e+00
0.000000000000000000e+00
0.000000000000000000e+00
0.000000000000000000e+00
0.000000000000000000e+00
0.000000000000000000e+00
0.000000000000000000e+00
0.000000000000000000e+00
0.000000000000000000e+00
0.000000000000000000e+00
0.000000000000000000e+00
0.000000000000000000e+00
0.000000000000000000e+00
0.000000000000000000e+00
0.000000000000000000e+00
0.000000000000000000e+00
0.000000000000000000e+00
0.000000000000000000e+00
0.000000000000000000e+00
0.000000000000000000e+00
0.000000000000000000e+00
0.000000000000000000e+00
0.000000000000000000e+00
0.000000000000000000e+00
0.000000000000000000e+00
0.000000000000000000e+00
0.000000000000000000e+00
0.000000000000000000e+00
0.000000000000000000e+00
0.000000000000000000e+00
0.000000000000000000e+00
0.000000000000000000e+00
0.000000000000000000e+00
0.000000000000000000e+00
0.000000000000000000e+00
0.000000000000000000e+00
0.000000000000000000e+00
0.000000000000000000e+00
0.000000000000000000e+00
0.000000000000000000e+00
0.000000000000000000e+00
0.000000000000000000e+00
0.000000000000000000e+00
0.000000000000000000e+00
0.000000000000000000e+00
1.000000000000000000e+00
2.620000000000000000e+02
7.650000000000000000e+02
8.230000000000000000e+02
8.840000000000000000e+02
8.700000000000000000e+02
9.090000000000000000e+02
9.240000000000000000e+02
8.430000000000000000e+02
8.730000000000000000e+02
8.770000000000000000e+02
8.940000000000000000e+02
8.790000000000000000e+02
8.630000000000000000e+02
9.240000000000000000e+02
8.670000000000000000e+02
8.660000000000000000e+02
9.080000000000000000e+02
8.810000000000000000e+02
8.880000000000000000e+02
8.640000000000000000e+02
9.240000000000000000e+02
8.670000000000000000e+02
9.080000000000000000e+02
8.830000000000000000e+02
8.980000000000000000e+02
8.800000000000000000e+02
8.850000000000000000e+02
9.100000000000000000e+02
8.730000000000000000e+02
9.090000000000000000e+02
8.830000000000000000e+02
9.080000000000000000e+02
8.780000000000000000e+02
9.120000000000000000e+02
8.790000000000000000e+02
8.970000000000000000e+02
8.950000000000000000e+02
8.940000000000000000e+02
8.860000000000000000e+02
8.960000000000000000e+02
8.860000000000000000e+02
8.880000000000000000e+02
9.030000000000000000e+02
8.900000000000000000e+02
8.920000000000000000e+02
8.980000000000000000e+02
8.980000000000000000e+02
8.890000000000000000e+02
9.040000000000000000e+02
8.930000000000000000e+02
8.960000000000000000e+02
8.960000000000000000e+02
9.030000000000000000e+02
8.910000000000000000e+02
9.010000000000000000e+02
8.960000000000000000e+02
8.980000000000000000e+02
8.980000000000000000e+02
9.020000000000000000e+02
8.950000000000000000e+02
9.000000000000000000e+02
9.050000000000000000e+02
8.930000000000000000e+02
9.050000000000000000e+02
8.980000000000000000e+02
9.000000000000000000e+02
9.010000000000000000e+02
8.990000000000000000e+02
9.010000000000000000e+02
9.030000000000000000e+02
9.020000000000000000e+02
9.010000000000000000e+02
8.980000000000000000e+02
9.050000000000000000e+02
8.940000000000000000e+02
9.040000000000000000e+02
9.020000000000000000e+02
8.990000000000000000e+02
9.050000000000000000e+02
8.980000000000000000e+02
9.040000000000000000e+02
8.990000000000000000e+02
9.090000000000000000e+02
9.030000000000000000e+02
9.280000000000000000e+02
9.230000000000000000e+02
9.260000000000000000e+02
8.800000000000000000e+02
5.930000000000000000e+02
0.000000000000000000e+00
0.000000000000000000e+00
0.000000000000000000e+00
0.000000000000000000e+00
0.000000000000000000e+00
0.000000000000000000e+00
0.000000000000000000e+00
0.000000000000000000e+00
0.000000000000000000e+00
0.000000000000000000e+00
0.000000000000000000e+00
0.000000000000000000e+00
0.000000000000000000e+00
0.000000000000000000e+00
0.000000000000000000e+00
0.000000000000000000e+00
0.000000000000000000e+00
0.000000000000000000e+00
0.000000000000000000e+00
0.000000000000000000e+00
0.000000000000000000e+00
0.000000000000000000e+00
0.000000000000000000e+00
0.000000000000000000e+00
0.000000000000000000e+00
0.000000000000000000e+00
0.000000000000000000e+00
0.000000000000000000e+00
0.000000000000000000e+00
0.000000000000000000e+00
0.000000000000000000e+00
0.000000000000000000e+00
0.000000000000000000e+00
0.000000000000000000e+00
0.000000000000000000e+00
0.000000000000000000e+00
0.000000000000000000e+00
0.000000000000000000e+00
0.000000000000000000e+00
0.000000000000000000e+00
0.000000000000000000e+00
0.000000000000000000e+00
0.000000000000000000e+00
3.910000000000000000e+02
6.360000000000000000e+02
7.480000000000000000e+02
7.970000000000000000e+02
8.010000000000000000e+02
7.380000000000000000e+02
7.540000000000000000e+02
7.010000000000000000e+02
7.550000000000000000e+02
7.620000000000000000e+02
7.220000000000000000e+02
7.530000000000000000e+02
7.630000000000000000e+02
7.300000000000000000e+02
7.480000000000000000e+02
7.640000000000000000e+02
7.600000000000000000e+02
7.370000000000000000e+02
7.670000000000000000e+02
7.630000000000000000e+02
7.480000000000000000e+02
7.730000000000000000e+02
7.590000000000000000e+02
7.510000000000000000e+02
7.710000000000000000e+02
7.650000000000000000e+02
7.550000000000000000e+02
7.720000000000000000e+02
7.700000000000000000e+02
7.510000000000000000e+02
7.770000000000000000e+02
7.720000000000000000e+02
7.520000000000000000e+02
7.720000000000000000e+02
7.720000000000000000e+02
7.560000000000000000e+02
7.660000000000000000e+02
7.750000000000000000e+02
7.600000000000000000e+02
7.760000000000000000e+02
7.630000000000000000e+02
7.550000000000000000e+02
7.770000000000000000e+02
7.600000000000000000e+02
7.520000000000000000e+02
7.630000000000000000e+02
7.840000000000000000e+02
7.610000000000000000e+02
7.580000000000000000e+02
7.770000000000000000e+02
7.650000000000000000e+02
7.640000000000000000e+02
7.720000000000000000e+02
7.640000000000000000e+02
7.680000000000000000e+02
7.750000000000000000e+02
7.650000000000000000e+02
7.620000000000000000e+02
7.780000000000000000e+02
7.610000000000000000e+02
7.650000000000000000e+02
7.770000000000000000e+02
7.770000000000000000e+02
7.600000000000000000e+02
7.710000000000000000e+02
7.780000000000000000e+02
7.530000000000000000e+02
7.710000000000000000e+02
7.870000000000000000e+02
6.640000000000000000e+02
1.900000000000000000e+01
0.000000000000000000e+00
0.000000000000000000e+00
0.000000000000000000e+00
0.000000000000000000e+00
0.000000000000000000e+00
0.000000000000000000e+00
0.000000000000000000e+00
0.000000000000000000e+00
0.000000000000000000e+00
0.000000000000000000e+00
0.000000000000000000e+00
