0.000000000000000000e+00
0.000000000000000000e+00
0.000000000000000000e+00
0.000000000000000000e+00
0.000000000000000000e+00
0.000000000000000000e+00
0.000000000000000000e+00
0.000000000000000000e+00
0.000000000000000000e+00
0.000000000000000000e+00
0.000000000000000000e+00
0.000000000000000000e+00
0.000000000000000000e+00
0.000000000000000000e+00
0.000000000000000000e+00
0.000000000000000000e+00
0.000000000000000000e+00
0.000000000000000000e+00
0.000000000000000000e+00
0.000000000000000000e+00
0.000000000000000000e+00
0.000000000000000000e+00
0.000000000000000000e+00
0.000000000000000000e+00
0.000000000000000000e+00
0.000000000000000000e+00
0.000000000000000000e+00
0.000000000000000000e+00
3.240000000000000000e+02
5.460000000000000000e+02
6.820000000000000000e+02
7.100000000000000000e+02
7.370000000000000000e+02
7.570000000000000000e+02
7.770000000000000000e+02
7.980000000000000000e+02
8.160000000000000000e+02
8.260000000000000000e+02
8.340000000000000000e+02
8.430000000000000000e+02
8.470000000000000000e+02
8.760000000000000000e+02
8.980000000000000000e+02
9.000000000000000000e+02
8.920000000000000000e+02
8.890000000000000000e+02
8.970000000000000000e+02
8.960000000000000000e+02
8.940000000000000000e+02
8.940000000000000000e+02
8.960000000000000000e+02
8.940000000000000000e+02
8.990000000000000000e+02
9.000000000000000000e+02
8.970000000000000000e+02
9.000000000000000000e+02
9.000000000000000000e+02
9.010000000000000000e+02
8.960000000000000000e+02
9.010000000000000000e+02
9.010000000000000000e+02
9.010000000000000000e+02
9.040000000000000000e+02
8.970000000000000000e+02
9.060000000000000000e+02
8.980000000000000000e+02
9.060000000000000000e+02
8.970000000000000000e+02
9.030000000000000000e+02
8.990000000000000000e+02
9.050000000000000000e+02
9.010000000000000000e+02
9.060000000000000000e+02
9.010000000000000000e+02
9.060000000000000000e+02
9.030000000000000000e+02
9.010000000000000000e+02
9.070000000000000000e+02
9.010000000000000000e+02
9.050000000000000000e+02
9.030000000000000000e+02
9.060000000000000000e+02
9.020000000000000000e+02
9.050000000000000000e+02
9.050000000000000000e+02
9.030000000000000000e+02
9.050000000000000000e+02
9.070000000000000000e+02
9.000000000000000000e+02
9.080000000000000000e+02
9.030000000000000000e+02
9.050000000000000000e+02
9.030000000000000000e+02
9.080000000000000000e+02
9.020000000000000000e+02
9.070000000000000000e+02
9.040000000000000000e+02
9.050000000000000000e+02
9.060000000000000000e+02
9.060000000000000000e+02
9.040000000000000000e+02
9.070000000000000000e+02
9.040000000000000000e+02
9.080000000000000000e+02
9.010000000000000000e+02
9.100000000000000000e+02
9.010000000000000000e+02
9.090000000000000000e+02
9.060000000000000000e+02
9.060000000000000000e+02
9.080000000000000000e+02
9.030000000000000000e+02
9.080000000000000000e+02
9.200000000000000000e+02
7.290000000000000000e+02
2.140000000000000000e+02
0.000000000000000000e+00
0.000000000000000000e+00
0.000000000000000000e+00
0.000000000000000000e+00
0.000000000000000000e+00
0.000000000000000000e+00
0.000000000000000000e+00
0.000000000000000000e+00
0.000000000000000000e+00
0.000000000000000000e+00
0.000000000000000000e+00
0.000000000000000000e+00
0.000000000000000000e+00
0.000000000000000000e+00
0.000000000000000000e+00
0.000000000000000000e+00
0.000000000000000000e+00
0.000000000000000000e+00
0.000000000000000000e+00
0.000000000000000000e+00
0.000000000000000000e+00
0.000000000000000000e+00
0.000000000000000000e+00
0.000000000000000000e+00
0.000000000000000000e+00
0.000000000000000000e+00
0.000000000000000000e+00
0.000000000000000000e+00
0.000000000000000000e+00
0.000000000000000000e+00
0.000000000000000000e+00
0.000000000000000000e+00
0.000000000000000000e+00
0.000000000000000000e+00
0.000000000000000000e+00
0.000000000000000000e+00
0.000000000000000000e+00
0.000000000000000000e+00
0.000000000000000000e+00
0.000000000000000000e+00
0.000000000000000000e+00
0.000000000000000000e+00
1.060000000000000000e+02
3.730000000000000000e+02
1.770000000000000000e+02
3.070000000000000000e+02
5.110000000000000000e+02
5.980000000000000000e+02
6.760000000000000000e+02
7.380000000000000000e+02
7.870000000000000000e+02
8.070000000000000000e+02
8.210000000000000000e+02
8.390000000000000000e+02
8.420000000000000000e+02
8.360000000000000000e+02
8.510000000000000000e+02
8.440000000000000000e+02
8.420000000000000000e+02
8.530000000000000000e+02
8.470000000000000000e+02
8.440000000000000000e+02
8.530000000000000000e+02
8.540000000000000000e+02
8.470000000000000000e+02
8.560000000000000000e+02
8.540000000000000000e+02
8.490000000000000000e+02
8.530000000000000000e+02
8.560000000000000000e+02
8.500000000000000000e+02
8.580000000000000000e+02
8.560000000000000000e+02
8.500000000000000000e+02
8.550000000000000000e+02
8.590000000000000000e+02
8.550000000000000000e+02
8.530000000000000000e+02
8.610000000000000000e+02
8.560000000000000000e+02
8.550000000000000000e+02
8.600000000000000000e+02
8.580000000000000000e+02
8.580000000000000000e+02
8.600000000000000000e+02
8.560000000000000000e+02
8.530000000000000000e+02
8.610000000000000000e+02
8.590000000000000000e+02
8.550000000000000000e+02
8.610000000000000000e+02
8.590000000000000000e+02
8.560000000000000000e+02
8.620000000000000000e+02
8.610000000000000000e+02
8.610000000000000000e+02
8.590000000000000000e+02
8.580000000000000000e+02
8.610000000000000000e+02
8.620000000000000000e+02
8.610000000000000000e+02
8.560000000000000000e+02
8.610000000000000000e+02
8.630000000000000000e+02
8.600000000000000000e+02
8.600000000000000000e+02
8.640000000000000000e+02
8.600000000000000000e+02
8.590000000000000000e+02
8.590000000000000000e+02
8.630000000000000000e+02
8.610000000000000000e+02
8.600000000000000000e+02
8.610000000000000000e+02
8.630000000000000000e+02
8.610000000000000000e+02
8.620000000000000000e+02
8.620000000000000000e+02
7.950000000000000000e+02
1.910000000000000000e+02
0.000000000000000000e+00
0.000000000000000000e+00
0.000000000000000000e+00
0.000000000000000000e+00
0.000000000000000000e+00
0.000000000000000000e+00
0.000000000000000000e+00
0.000000000000000000e+00
0.000000000000000000e+00
0.000000000000000000e+00
0.000000000000000000e+00
0.000000000000000000e+00
0.000000000000000000e+00
0.000000000000000000e+00
0.000000000000000000e+00
0.000000000000000000e+00
0.000000000000000000e+00
0.000000000000000000e+00
0.000000000000000000e+00
0.000000000000000000e+00
0.000000000000000000e+00
0.000000000000000000e+00
0.000000000000000000e+00
0.000000000000000000e+00
0.000000000000000000e+00
0.000000000000000000e+00
0.000000000000000000e+00
0.000000000000000000e+00
0.000000000000000000e+00
0.000000000000000000e+00
0.000000000000000000e+00
0.000000000000000000e+00
0.000000000000000000e+00
0.000000000000000000e+00
0.000000000000000000e+00
0.000000000000000000e+00
0.000000000000000000e+00
0.000000000000000000e+00
0.000000000000000000e+00
0.000000000000000000e+00
0.000000000000000000e+00
0.000000000000000000e+00
0.000000000000000000e+00
0.000000000000000000e+00
0.000000000000000000e+00
0.000000000000000000e+00
0.000000000000000000e+00
0.000000000000000000e+00
0.000000000000000000e+00
0.000000000000000000e+00
0.000000000000000000e+00
0.000000000000000000e+00
0.000000000000000000e+00
0.000000000000000000e+00
0.000000000000000000e+00
0.000000000000000000e+00
0.000000000000000000e+00
0.000000000000000000e+00
0.000000000000000000e+00
0.000000000000000000e+00
0.000000000000000000e+00
0.000000000000000000e+00
0.000000000000000000e+00
0.000000000000000000e+00
