0.000000000000000000e+00
0.000000000000000000e+00
0.000000000000000000e+00
0.000000000000000000e+00
0.000000000000000000e+00
0.000000000000000000e+00
0.000000000000000000e+00
0.000000000000000000e+00
0.000000000000000000e+00
0.000000000000000000e+00
0.000000000000000000e+00
0.000000000000000000e+00
0.000000000000000000e+00
0.000000000000000000e+00
0.000000000000000000e+00
0.000000000000000000e+00
0.000000000000000000e+00
0.000000000000000000e+00
0.000000000000000000e+00
0.000000000000000000e+00
0.000000000000000000e+00
0.000000000000000000e+00
0.000000000000000000e+00
0.000000000000000000e+00
0.000000000000000000e+00
0.000000000000000000e+00
0.000000000000000000e+00
0.000000000000000000e+00
0.000000000000000000e+00
0.000000000000000000e+00
0.000000000000000000e+00
0.000000000000000000e+00
0.000000000000000000e+00
0.000000000000000000e+00
0.000000000000000000e+00
0.000000000000000000e+00
0.000000000000000000e+00
0.000000000000000000e+00
0.000000000000000000e+00
0.000000000000000000e+00
0.000000000000000000e+00
3.560000000000000000e+02
4.910000000000000000e+02
5.560000000000000000e+02
6.110000000000000000e+02
6.510000000000000000e+02
6.500000000000000000e+02
6.760000000000000000e+02
7.760000000000000000e+02
8.300000000000000000e+02
8.280000000000000000e+02
8.350000000000000000e+02
8.460000000000000000e+02
8.410000000000000000e+02
8.460000000000000000e+02
8.520000000000000000e+02
8.530000000000000000e+02
8.500000000000000000e+02
8.650000000000000000e+02
8.550000000000000000e+02
8.570000000000000000e+02
8.700000000000000000e+02
8.650000000000000000e+02
8.690000000000000000e+02
8.650000000000000000e+02
8.660000000000000000e+02
8.690000000000000000e+02
8.670000000000000000e+02
8.710000000000000000e+02
8.640000000000000000e+02
8.810000000000000000e+02
8.630000000000000000e+02
8.750000000000000000e+02
8.680000000000000000e+02
8.730000000000000000e+02
8.690000000000000000e+02
8.730000000000000000e+02
8.710000000000000000e+02
8.700000000000000000e+02
8.750000000000000000e+02
8.720000000000000000e+02
8.740000000000000000e+02
8.710000000000000000e+02
8.760000000000000000e+02
8.710000000000000000e+02
8.740000000000000000e+02
8.750000000000000000e+02
8.730000000000000000e+02
8.720000000000000000e+02
8.810000000000000000e+02
8.700000000000000000e+02
8.710000000000000000e+02
8.770000000000000000e+02
8.780000000000000000e+02
8.680000000000000000e+02
8.790000000000000000e+02
8.750000000000000000e+02
8.680000000000000000e+02
8.800000000000000000e+02
8.750000000000000000e+02
8.710000000000000000e+02
8.740000000000000000e+02
8.820000000000000000e+02
8.690000000000000000e+02
8.770000000000000000e+02
8.790000000000000000e+02
8.750000000000000000e+02
8.780000000000000000e+02
8.760000000000000000e+02
8.780000000000000000e+02
8.700000000000000000e+02
8.820000000000000000e+02
8.740000000000000000e+02
8.770000000000000000e+02
8.750000000000000000e+02
8.820000000000000000e+02
8.760000000000000000e+02
8.770000000000000000e+02
8.790000000000000000e+02
8.770000000000000000e+02
8.790000000000000000e+02
7.880000000000000000e+02
1.600000000000000000e+01
0.000000000000000000e+00
0.000000000000000000e+00
0.000000000000000000e+00
0.000000000000000000e+00
0.000000000000000000e+00
0.000000000000000000e+00
0.000000000000000000e+00
0.000000000000000000e+00
0.000000000000000000e+00
0.000000000000000000e+00
0.000000000000000000e+00
0.000000000000000000e+00
0.000000000000000000e+00
0.000000000000000000e+00
0.000000000000000000e+00
0.000000000000000000e+00
0.000000000000000000e+00
0.000000000000000000e+00
0.000000000000000000e+00
0.000000000000000000e+00
0.000000000000000000e+00
0.000000000000000000e+00
0.000000000000000000e+00
0.000000000000000000e+00
0.000000000000000000e+00
0.000000000000000000e+00
0.000000000000000000e+00
0.000000000000000000e+00
0.000000000000000000e+00
0.000000000000000000e+00
0.000000000000000000e+00
0.000000000000000000e+00
0.000000000000000000e+00
0.000000000000000000e+00
0.000000000000000000e+00
0.000000000000000000e+00
0.000000000000000000e+00
0.000000000000000000e+00
0.000000000000000000e+00
0.000000000000000000e+00
0.000000000000000000e+00
0.000000000000000000e+00
0.000000000000000000e+00
2.490000000000000000e+02
5.680000000000000000e+02
6.730000000000000000e+02
7.900000000000000000e+02
8.220000000000000000e+02
8.350000000000000000e+02
8.420000000000000000e+02
8.420000000000000000e+02
8.450000000000000000e+02
8.470000000000000000e+02
8.450000000000000000e+02
8.460000000000000000e+02
8.400000000000000000e+02
8.390000000000000000e+02
8.440000000000000000e+02
8.450000000000000000e+02
8.420000000000000000e+02
8.420000000000000000e+02
8.470000000000000000e+02
8.410000000000000000e+02
8.430000000000000000e+02
8.460000000000000000e+02
8.450000000000000000e+02
8.450000000000000000e+02
8.450000000000000000e+02
8.450000000000000000e+02
8.460000000000000000e+02
8.440000000000000000e+02
8.460000000000000000e+02
8.470000000000000000e+02
8.440000000000000000e+02
8.470000000000000000e+02
8.480000000000000000e+02
8.470000000000000000e+02
8.460000000000000000e+02
8.470000000000000000e+02
8.480000000000000000e+02
8.460000000000000000e+02
8.470000000000000000e+02
8.480000000000000000e+02
8.470000000000000000e+02
8.480000000000000000e+02
8.490000000000000000e+02
8.470000000000000000e+02
8.490000000000000000e+02
8.490000000000000000e+02
8.500000000000000000e+02
8.470000000000000000e+02
8.490000000000000000e+02
8.480000000000000000e+02
8.480000000000000000e+02
8.490000000000000000e+02
8.490000000000000000e+02
8.470000000000000000e+02
8.500000000000000000e+02
8.540000000000000000e+02
8.530000000000000000e+02
8.430000000000000000e+02
7.960000000000000000e+02
0.000000000000000000e+00
0.000000000000000000e+00
0.000000000000000000e+00
0.000000000000000000e+00
0.000000000000000000e+00
0.000000000000000000e+00
0.000000000000000000e+00
0.000000000000000000e+00
0.000000000000000000e+00
0.000000000000000000e+00
0.000000000000000000e+00
0.000000000000000000e+00
0.000000000000000000e+00
0.000000000000000000e+00
0.000000000000000000e+00
0.000000000000000000e+00
0.000000000000000000e+00
0.000000000000000000e+00
0.000000000000000000e+00
0.000000000000000000e+00
0.000000000000000000e+00
0.000000000000000000e+00
0.000000000000000000e+00
0.000000000000000000e+00
0.000000000000000000e+00
0.000000000000000000e+00
0.000000000000000000e+00
0.000000000000000000e+00
0.000000000000000000e+00
0.000000000000000000e+00
0.000000000000000000e+00
0.000000000000000000e+00
0.000000000000000000e+00
0.000000000000000000e+00
0.000000000000000000e+00
0.000000000000000000e+00
0.000000000000000000e+00
0.000000000000000000e+00
0.000000000000000000e+00
0.000000000000000000e+00
0.000000000000000000e+00
0.000000000000000000e+00
0.000000000000000000e+00
0.000000000000000000e+00
0.000000000000000000e+00
0.000000000000000000e+00
0.000000000000000000e+00
0.000000000000000000e+00
0.000000000000000000e+00
0.000000000000000000e+00
0.000000000000000000e+00
0.000000000000000000e+00
0.000000000000000000e+00
0.000000000000000000e+00
0.000000000000000000e+00
0.000000000000000000e+00
0.000000000000000000e+00
0.000000000000000000e+00
0.000000000000000000e+00
0.000000000000000000e+00
0.000000000000000000e+00
0.000000000000000000e+00
0.000000000000000000e+00
0.000000000000000000e+00
0.000000000000000000e+00
0.000000000000000000e+00
0.000000000000000000e+00
0.000000000000000000e+00
0.000000000000000000e+00
0.000000000000000000e+00
0.000000000000000000e+00
0.000000000000000000e+00
0.000000000000000000e+00
0.000000000000000000e+00
0.000000000000000000e+00
