0.000000000000000000e+00
0.000000000000000000e+00
0.000000000000000000e+00
0.000000000000000000e+00
0.000000000000000000e+00
0.000000000000000000e+00
0.000000000000000000e+00
0.000000000000000000e+00
0.000000000000000000e+00
0.000000000000000000e+00
0.000000000000000000e+00
0.000000000000000000e+00
0.000000000000000000e+00
0.000000000000000000e+00
0.000000000000000000e+00
0.000000000000000000e+00
0.000000000000000000e+00
0.000000000000000000e+00
0.000000000000000000e+00
0.000000000000000000e+00
0.000000000000000000e+00
0.000000000000000000e+00
0.000000000000000000e+00
7.000000000000000000e+01
1.930000000000000000e+02
6.230000000000000000e+02
7.320000000000000000e+02
7.610000000000000000e+02
8.120000000000000000e+02
8.340000000000000000e+02
8.460000000000000000e+02
8.490000000000000000e+02
8.320000000000000000e+02
8.520000000000000000e+02
8.670000000000000000e+02
9.120000000000000000e+02
8.620000000000000000e+02
8.610000000000000000e+02
8.730000000000000000e+02
9.030000000000000000e+02
8.630000000000000000e+02
8.640000000000000000e+02
8.990000000000000000e+02
8.820000000000000000e+02
8.700000000000000000e+02
8.720000000000000000e+02
9.050000000000000000e+02
8.690000000000000000e+02
8.740000000000000000e+02
8.890000000000000000e+02
8.850000000000000000e+02
8.730000000000000000e+02
8.840000000000000000e+02
8.940000000000000000e+02
8.700000000000000000e+02
8.750000000000000000e+02
8.970000000000000000e+02
8.760000000000000000e+02
8.730000000000000000e+02
8.830000000000000000e+02
8.830000000000000000e+02
8.770000000000000000e+02
8.810000000000000000e+02
8.860000000000000000e+02
8.820000000000000000e+02
8.790000000000000000e+02
8.830000000000000000e+02
8.840000000000000000e+02
8.800000000000000000e+02
8.820000000000000000e+02
8.840000000000000000e+02
8.830000000000000000e+02
8.790000000000000000e+02
8.850000000000000000e+02
8.830000000000000000e+02
8.810000000000000000e+02
8.830000000000000000e+02
8.850000000000000000e+02
8.810000000000000000e+02
8.820000000000000000e+02
8.850000000000000000e+02
8.840000000000000000e+02
8.820000000000000000e+02
8.850000000000000000e+02
8.840000000000000000e+02
8.820000000000000000e+02
8.840000000000000000e+02
8.840000000000000000e+02
8.770000000000000000e+02
8.840000000000000000e+02
8.850000000000000000e+02
8.850000000000000000e+02
8.840000000000000000e+02
8.830000000000000000e+02
8.930000000000000000e+02
8.820000000000000000e+02
8.820000000000000000e+02
8.830000000000000000e+02
8.870000000000000000e+02
8.830000000000000000e+02
8.830000000000000000e+02
8.940000000000000000e+02
8.850000000000000000e+02
8.850000000000000000e+02
8.860000000000000000e+02
8.940000000000000000e+02
8.450000000000000000e+02
7.620000000000000000e+02
3.340000000000000000e+02
2.000000000000000000e+01
0.000000000000000000e+00
0.000000000000000000e+00
0.000000000000000000e+00
0.000000000000000000e+00
0.000000000000000000e+00
0.000000000000000000e+00
0.000000000000000000e+00
0.000000000000000000e+00
0.000000000000000000e+00
0.000000000000000000e+00
0.000000000000000000e+00
0.000000000000000000e+00
0.000000000000000000e+00
0.000000000000000000e+00
0.000000000000000000e+00
0.000000000000000000e+00
0.000000000000000000e+00
0.000000000000000000e+00
0.000000000000000000e+00
0.000000000000000000e+00
0.000000000000000000e+00
0.000000000000000000e+00
0.000000000000000000e+00
0.000000000000000000e+00
0.000000000000000000e+00
0.000000000000000000e+00
0.000000000000000000e+00
0.000000000000000000e+00
0.000000000000000000e+00
0.000000000000000000e+00
0.000000000000000000e+00
0.000000000000000000e+00
0.000000000000000000e+00
0.000000000000000000e+00
0.000000000000000000e+00
0.000000000000000000e+00
0.000000000000000000e+00
0.000000000000000000e+00
3.000000000000000000e+00
0.000000000000000000e+00
2.170000000000000000e+02
6.000000000000000000e+02
7.430000000000000000e+02
7.850000000000000000e+02
8.260000000000000000e+02
8.400000000000000000e+02
8.370000000000000000e+02
8.240000000000000000e+02
8.950000000000000000e+02
8.750000000000000000e+02
8.530000000000000000e+02
8.560000000000000000e+02
9.050000000000000000e+02
8.580000000000000000e+02
8.590000000000000000e+02
8.770000000000000000e+02
8.860000000000000000e+02
8.700000000000000000e+02
8.660000000000000000e+02
8.850000000000000000e+02
8.790000000000000000e+02
8.660000000000000000e+02
8.750000000000000000e+02
8.830000000000000000e+02
8.760000000000000000e+02
8.770000000000000000e+02
8.880000000000000000e+02
8.790000000000000000e+02
8.690000000000000000e+02
8.930000000000000000e+02
8.790000000000000000e+02
8.780000000000000000e+02
8.800000000000000000e+02
8.910000000000000000e+02
8.750000000000000000e+02
8.830000000000000000e+02
8.870000000000000000e+02
8.780000000000000000e+02
8.800000000000000000e+02
8.890000000000000000e+02
8.780000000000000000e+02
8.850000000000000000e+02
8.820000000000000000e+02
8.890000000000000000e+02
8.750000000000000000e+02
8.940000000000000000e+02
8.670000000000000000e+02
8.890000000000000000e+02
8.750000000000000000e+02
8.950000000000000000e+02
8.720000000000000000e+02
8.870000000000000000e+02
8.790000000000000000e+02
8.850000000000000000e+02
8.810000000000000000e+02
8.820000000000000000e+02
8.900000000000000000e+02
8.800000000000000000e+02
8.910000000000000000e+02
8.790000000000000000e+02
8.890000000000000000e+02
8.810000000000000000e+02
8.900000000000000000e+02
8.810000000000000000e+02
8.890000000000000000e+02
8.830000000000000000e+02
8.890000000000000000e+02
8.840000000000000000e+02
8.880000000000000000e+02
8.870000000000000000e+02
8.820000000000000000e+02
8.860000000000000000e+02
8.880000000000000000e+02
8.860000000000000000e+02
8.860000000000000000e+02
8.890000000000000000e+02
8.860000000000000000e+02
8.900000000000000000e+02
8.860000000000000000e+02
8.890000000000000000e+02
8.890000000000000000e+02
8.890000000000000000e+02
8.800000000000000000e+02
8.930000000000000000e+02
7.770000000000000000e+02
0.000000000000000000e+00
0.000000000000000000e+00
0.000000000000000000e+00
0.000000000000000000e+00
0.000000000000000000e+00
0.000000000000000000e+00
0.000000000000000000e+00
0.000000000000000000e+00
0.000000000000000000e+00
0.000000000000000000e+00
0.000000000000000000e+00
0.000000000000000000e+00
0.000000000000000000e+00
0.000000000000000000e+00
0.000000000000000000e+00
0.000000000000000000e+00
0.000000000000000000e+00
0.000000000000000000e+00
0.000000000000000000e+00
0.000000000000000000e+00
0.000000000000000000e+00
0.000000000000000000e+00
0.000000000000000000e+00
0.000000000000000000e+00
0.000000000000000000e+00
0.000000000000000000e+00
0.000000000000000000e+00
0.000000000000000000e+00
0.000000000000000000e+00
0.000000000000000000e+00
0.000000000000000000e+00
0.000000000000000000e+00
0.000000000000000000e+00
0.000000000000000000e+00
0.000000000000000000e+00
0.000000000000000000e+00
0.000000000000000000e+00
0.000000000000000000e+00
0.000000000000000000e+00
0.000000000000000000e+00
0.000000000000000000e+00
0.000000000000000000e+00
0.000000000000000000e+00
0.000000000000000000e+00
0.000000000000000000e+00
0.000000000000000000e+00
0.000000000000000000e+00
0.000000000000000000e+00
0.000000000000000000e+00
0.000000000000000000e+00
0.000000000000000000e+00
0.000000000000000000e+00
0.000000000000000000e+00
0.000000000000000000e+00
0.000000000000000000e+00
0.000000000000000000e+00
0.000000000000000000e+00
0.000000000000000000e+00
0.000000000000000000e+00
0.000000000000000000e+00
0.000000000000000000e+00
0.000000000000000000e+00
0.000000000000000000e+00
0.000000000000000000e+00
0.000000000000000000e+00
