0.000000000000000000e+00
0.000000000000000000e+00
0.000000000000000000e+00
0.000000000000000000e+00
0.000000000000000000e+00
0.000000000000000000e+00
0.000000000000000000e+00
0.000000000000000000e+00
0.000000000000000000e+00
0.000000000000000000e+00
0.000000000000000000e+00
0.000000000000000000e+00
0.000000000000000000e+00
0.000000000000000000e+00
0.000000000000000000e+00
0.000000000000000000e+00
0.000000000000000000e+00
0.000000000000000000e+00
0.000000000000000000e+00
6.020000000000000000e+02
6.980000000000000000e+02
7.780000000000000000e+02
8.100000000000000000e+02
8.290000000000000000e+02
8.880000000000000000e+02
8.750000000000000000e+02
8.570000000000000000e+02
8.830000000000000000e+02
8.930000000000000000e+02
8.980000000000000000e+02
9.060000000000000000e+02
9.020000000000000000e+02
9.210000000000000000e+02
8.970000000000000000e+02
9.140000000000000000e+02
9.150000000000000000e+02
9.110000000000000000e+02
9.040000000000000000e+02
9.200000000000000000e+02
9.080000000000000000e+02
9.050000000000000000e+02
9.200000000000000000e+02
9.130000000000000000e+02
9.140000000000000000e+02
9.150000000000000000e+02
9.220000000000000000e+02
8.960000000000000000e+02
9.270000000000000000e+02
9.090000000000000000e+02
9.190000000000000000e+02
9.110000000000000000e+02
9.250000000000000000e+02
9.110000000000000000e+02
9.160000000000000000e+02
9.190000000000000000e+02
9.170000000000000000e+02
9.080000000000000000e+02
9.200000000000000000e+02
9.110000000000000000e+02
9.230000000000000000e+02
9.090000000000000000e+02
9.250000000000000000e+02
9.090000000000000000e+02
9.250000000000000000e+02
9.090000000000000000e+02
9.250000000000000000e+02
9.140000000000000000e+02
9.210000000000000000e+02
9.120000000000000000e+02
9.240000000000000000e+02
9.130000000000000000e+02
9.200000000000000000e+02
9.190000000000000000e+02
9.200000000000000000e+02
9.160000000000000000e+02
9.240000000000000000e+02
9.150000000000000000e+02
9.220000000000000000e+02
9.200000000000000000e+02
9.230000000000000000e+02
9.150000000000000000e+02
9.250000000000000000e+02
9.170000000000000000e+02
9.220000000000000000e+02
9.230000000000000000e+02
9.190000000000000000e+02
9.200000000000000000e+02
9.230000000000000000e+02
9.230000000000000000e+02
9.180000000000000000e+02
9.230000000000000000e+02
9.220000000000000000e+02
9.190000000000000000e+02
9.200000000000000000e+02
9.250000000000000000e+02
9.120000000000000000e+02
9.260000000000000000e+02
9.180000000000000000e+02
9.250000000000000000e+02
9.110000000000000000e+02
9.300000000000000000e+02
9.080000000000000000e+02
9.240000000000000000e+02
9.210000000000000000e+02
9.190000000000000000e+02
9.170000000000000000e+02
9.240000000000000000e+02
9.090000000000000000e+02
2.020000000000000000e+02
7.500000000000000000e+01
5.400000000000000000e+01
0.000000000000000000e+00
0.000000000000000000e+00
0.000000000000000000e+00
0.000000000000000000e+00
0.000000000000000000e+00
0.000000000000000000e+00
0.000000000000000000e+00
0.000000000000000000e+00
0.000000000000000000e+00
0.000000000000000000e+00
0.000000000000000000e+00
0.000000000000000000e+00
0.000000000000000000e+00
0.000000000000000000e+00
0.000000000000000000e+00
0.000000000000000000e+00
0.000000000000000000e+00
0.000000000000000000e+00
0.000000000000000000e+00
0.000000000000000000e+00
0.000000000000000000e+00
0.000000000000000000e+00
0.000000000000000000e+00
0.000000000000000000e+00
0.000000000000000000e+00
0.000000000000000000e+00
0.000000000000000000e+00
0.000000000000000000e+00
0.000000000000000000e+00
0.000000000000000000e+00
0.000000000000000000e+00
0.000000000000000000e+00
0.000000000000000000e+00
2.880000000000000000e+02
2.800000000000000000e+01
4.210000000000000000e+02
6.930000000000000000e+02
7.940000000000000000e+02
8.200000000000000000e+02
8.390000000000000000e+02
8.750000000000000000e+02
8.660000000000000000e+02
8.670000000000000000e+02
8.730000000000000000e+02
8.850000000000000000e+02
9.460000000000000000e+02
9.420000000000000000e+02
9.270000000000000000e+02
9.380000000000000000e+02
9.370000000000000000e+02
9.520000000000000000e+02
9.180000000000000000e+02
9.450000000000000000e+02
9.330000000000000000e+02
9.490000000000000000e+02
9.410000000000000000e+02
9.430000000000000000e+02
9.440000000000000000e+02
9.480000000000000000e+02
9.460000000000000000e+02
9.450000000000000000e+02
9.430000000000000000e+02
9.510000000000000000e+02
9.370000000000000000e+02
9.490000000000000000e+02
9.420000000000000000e+02
9.510000000000000000e+02
9.290000000000000000e+02
9.500000000000000000e+02
9.470000000000000000e+02
9.490000000000000000e+02
9.390000000000000000e+02
9.500000000000000000e+02
9.510000000000000000e+02
9.430000000000000000e+02
9.490000000000000000e+02
9.480000000000000000e+02
9.510000000000000000e+02
9.380000000000000000e+02
9.520000000000000000e+02
9.450000000000000000e+02
9.510000000000000000e+02
9.470000000000000000e+02
9.510000000000000000e+02
9.480000000000000000e+02
9.480000000000000000e+02
9.490000000000000000e+02
9.520000000000000000e+02
9.350000000000000000e+02
9.530000000000000000e+02
9.410000000000000000e+02
9.540000000000000000e+02
9.330000000000000000e+02
9.530000000000000000e+02
9.440000000000000000e+02
9.490000000000000000e+02
9.480000000000000000e+02
9.520000000000000000e+02
9.480000000000000000e+02
9.480000000000000000e+02
9.520000000000000000e+02
9.510000000000000000e+02
9.490000000000000000e+02
9.520000000000000000e+02
9.480000000000000000e+02
9.530000000000000000e+02
9.450000000000000000e+02
9.540000000000000000e+02
9.440000000000000000e+02
9.530000000000000000e+02
9.350000000000000000e+02
9.540000000000000000e+02
9.440000000000000000e+02
9.540000000000000000e+02
9.400000000000000000e+02
9.530000000000000000e+02
9.450000000000000000e+02
6.960000000000000000e+02
1.300000000000000000e+01
0.000000000000000000e+00
0.000000000000000000e+00
0.000000000000000000e+00
0.000000000000000000e+00
0.000000000000000000e+00
0.000000000000000000e+00
0.000000000000000000e+00
0.000000000000000000e+00
0.000000000000000000e+00
0.000000000000000000e+00
0.000000000000000000e+00
0.000000000000000000e+00
0.000000000000000000e+00
0.000000000000000000e+00
0.000000000000000000e+00
0.000000000000000000e+00
0.000000000000000000e+00
0.000000000000000000e+00
0.000000000000000000e+00
0.000000000000000000e+00
0.000000000000000000e+00
0.000000000000000000e+00
0.000000000000000000e+00
0.000000000000000000e+00
0.000000000000000000e+00
0.000000000000000000e+00
0.000000000000000000e+00
0.000000000000000000e+00
0.000000000000000000e+00
0.000000000000000000e+00
0.000000000000000000e+00
0.000000000000000000e+00
0.000000000000000000e+00
0.000000000000000000e+00
0.000000000000000000e+00
0.000000000000000000e+00
0.000000000000000000e+00
0.000000000000000000e+00
0.000000000000000000e+00
0.000000000000000000e+00
0.000000000000000000e+00
0.000000000000000000e+00
0.000000000000000000e+00
0.000000000000000000e+00
0.000000000000000000e+00
0.000000000000000000e+00
0.000000000000000000e+00
0.000000000000000000e+00
0.000000000000000000e+00
0.000000000000000000e+00
0.000000000000000000e+00
0.000000000000000000e+00
0.000000000000000000e+00
0.000000000000000000e+00
0.000000000000000000e+00
0.000000000000000000e+00
0.000000000000000000e+00
0.000000000000000000e+00
0.000000000000000000e+00
0.000000000000000000e+00
0.000000000000000000e+00
0.000000000000000000e+00
0.000000000000000000e+00
0.000000000000000000e+00
0.000000000000000000e+00
0.000000000000000000e+00
0.000000000000000000e+00
0.000000000000000000e+00
0.000000000000000000e+00
0.000000000000000000e+00
