0.000000000000000000e+00
0.000000000000000000e+00
0.000000000000000000e+00
0.000000000000000000e+00
0.000000000000000000e+00
0.000000000000000000e+00
0.000000000000000000e+00
0.000000000000000000e+00
0.000000000000000000e+00
0.000000000000000000e+00
0.000000000000000000e+00
0.000000000000000000e+00
0.000000000000000000e+00
0.000000000000000000e+00
0.000000000000000000e+00
0.000000000000000000e+00
0.000000000000000000e+00
0.000000000000000000e+00
0.000000000000000000e+00
0.000000000000000000e+00
0.000000000000000000e+00
0.000000000000000000e+00
0.000000000000000000e+00
0.000000000000000000e+00
0.000000000000000000e+00
0.000000000000000000e+00
0.000000000000000000e+00
0.000000000000000000e+00
0.000000000000000000e+00
0.000000000000000000e+00
0.000000000000000000e+00
0.000000000000000000e+00
0.000000000000000000e+00
0.000000000000000000e+00
0.000000000000000000e+00
0.000000000000000000e+00
0.000000000000000000e+00
0.000000000000000000e+00
0.000000000000000000e+00
0.000000000000000000e+00
0.000000000000000000e+00
0.000000000000000000e+00
0.000000000000000000e+00
0.000000000000000000e+00
0.000000000000000000e+00
0.000000000000000000e+00
0.000000000000000000e+00
0.000000000000000000e+00
0.000000000000000000e+00
0.000000000000000000e+00
0.000000000000000000e+00
0.000000000000000000e+00
0.000000000000000000e+00
0.000000000000000000e+00
2.000000000000000000e+00
4.100000000000000000e+02
7.110000000000000000e+02
7.890000000000000000e+02
8.150000000000000000e+02
8.230000000000000000e+02
8.340000000000000000e+02
8.430000000000000000e+02
8.570000000000000000e+02
8.590000000000000000e+02
8.660000000000000000e+02
8.740000000000000000e+02
8.760000000000000000e+02
8.690000000000000000e+02
8.690000000000000000e+02
8.680000000000000000e+02
8.640000000000000000e+02
8.660000000000000000e+02
8.680000000000000000e+02
8.710000000000000000e+02
8.760000000000000000e+02
8.770000000000000000e+02
8.750000000000000000e+02
8.740000000000000000e+02
8.770000000000000000e+02
8.760000000000000000e+02
8.760000000000000000e+02
8.770000000000000000e+02
8.780000000000000000e+02
8.770000000000000000e+02
8.780000000000000000e+02
8.760000000000000000e+02
8.800000000000000000e+02
8.780000000000000000e+02
8.800000000000000000e+02
8.770000000000000000e+02
8.760000000000000000e+02
8.790000000000000000e+02
8.790000000000000000e+02
8.800000000000000000e+02
8.790000000000000000e+02
8.790000000000000000e+02
8.800000000000000000e+02
8.800000000000000000e+02
8.800000000000000000e+02
8.800000000000000000e+02
8.790000000000000000e+02
8.800000000000000000e+02
8.800000000000000000e+02
8.810000000000000000e+02
8.800000000000000000e+02
8.810000000000000000e+02
8.800000000000000000e+02
8.810000000000000000e+02
8.820000000000000000e+02
8.790000000000000000e+02
8.810000000000000000e+02
8.810000000000000000e+02
8.790000000000000000e+02
8.810000000000000000e+02
8.800000000000000000e+02
8.800000000000000000e+02
8.800000000000000000e+02
8.790000000000000000e+02
8.420000000000000000e+02
1.100000000000000000e+01
0.000000000000000000e+00
0.000000000000000000e+00
0.000000000000000000e+00
0.000000000000000000e+00
0.000000000000000000e+00
0.000000000000000000e+00
0.000000000000000000e+00
0.000000000000000000e+00
0.000000000000000000e+00
0.000000000000000000e+00
0.000000000000000000e+00
0.000000000000000000e+00
0.000000000000000000e+00
0.000000000000000000e+00
0.000000000000000000e+00
0.000000000000000000e+00
0.000000000000000000e+00
0.000000000000000000e+00
0.000000000000000000e+00
0.000000000000000000e+00
0.000000000000000000e+00
0.000000000000000000e+00
0.000000000000000000e+00
0.000000000000000000e+00
0.000000000000000000e+00
0.000000000000000000e+00
0.000000000000000000e+00
0.000000000000000000e+00
0.000000000000000000e+00
0.000000000000000000e+00
0.000000000000000000e+00
0.000000000000000000e+00
0.000000000000000000e+00
0.000000000000000000e+00
0.000000000000000000e+00
0.000000000000000000e+00
0.000000000000000000e+00
0.000000000000000000e+00
0.000000000000000000e+00
0.000000000000000000e+00
0.000000000000000000e+00
5.500000000000000000e+01
4.040000000000000000e+02
6.470000000000000000e+02
7.000000000000000000e+02
7.400000000000000000e+02
7.690000000000000000e+02
7.660000000000000000e+02
7.440000000000000000e+02
7.480000000000000000e+02
7.410000000000000000e+02
7.670000000000000000e+02
7.870000000000000000e+02
7.960000000000000000e+02
8.000000000000000000e+02
8.160000000000000000e+02
8.120000000000000000e+02
8.080000000000000000e+02
7.950000000000000000e+02
7.890000000000000000e+02
8.090000000000000000e+02
8.010000000000000000e+02
8.040000000000000000e+02
8.020000000000000000e+02
8.090000000000000000e+02
8.050000000000000000e+02
8.070000000000000000e+02
8.090000000000000000e+02
8.080000000000000000e+02
8.080000000000000000e+02
8.100000000000000000e+02
8.090000000000000000e+02
8.090000000000000000e+02
8.080000000000000000e+02
8.100000000000000000e+02
8.110000000000000000e+02
8.060000000000000000e+02
8.100000000000000000e+02
8.100000000000000000e+02
8.120000000000000000e+02
8.110000000000000000e+02
8.090000000000000000e+02
8.100000000000000000e+02
8.100000000000000000e+02
8.130000000000000000e+02
8.090000000000000000e+02
8.120000000000000000e+02
8.120000000000000000e+02
8.110000000000000000e+02
8.070000000000000000e+02
8.100000000000000000e+02
8.160000000000000000e+02
7.960000000000000000e+02
8.120000000000000000e+02
8.130000000000000000e+02
8.120000000000000000e+02
8.090000000000000000e+02
8.130000000000000000e+02
8.120000000000000000e+02
8.120000000000000000e+02
8.150000000000000000e+02
8.100000000000000000e+02
8.140000000000000000e+02
8.150000000000000000e+02
8.120000000000000000e+02
8.150000000000000000e+02
8.140000000000000000e+02
8.140000000000000000e+02
8.130000000000000000e+02
8.130000000000000000e+02
8.140000000000000000e+02
8.150000000000000000e+02
8.140000000000000000e+02
8.150000000000000000e+02
6.140000000000000000e+02
0.000000000000000000e+00
0.000000000000000000e+00
0.000000000000000000e+00
0.000000000000000000e+00
0.000000000000000000e+00
0.000000000000000000e+00
0.000000000000000000e+00
0.000000000000000000e+00
0.000000000000000000e+00
0.000000000000000000e+00
0.000000000000000000e+00
0.000000000000000000e+00
0.000000000000000000e+00
0.000000000000000000e+00
0.000000000000000000e+00
0.000000000000000000e+00
0.000000000000000000e+00
0.000000000000000000e+00
0.000000000000000000e+00
0.000000000000000000e+00
0.000000000000000000e+00
0.000000000000000000e+00
0.000000000000000000e+00
0.000000000000000000e+00
0.000000000000000000e+00
0.000000000000000000e+00
0.000000000000000000e+00
0.000000000000000000e+00
0.000000000000000000e+00
0.000000000000000000e+00
0.000000000000000000e+00
0.000000000000000000e+00
0.000000000000000000e+00
0.000000000000000000e+00
0.000000000000000000e+00
0.000000000000000000e+00
0.000000000000000000e+00
0.000000000000000000e+00
0.000000000000000000e+00
0.000000000000000000e+00
0.000000000000000000e+00
0.000000000000000000e+00
0.000000000000000000e+00
0.000000000000000000e+00
0.000000000000000000e+00
0.000000000000000000e+00
0.000000000000000000e+00
0.000000000000000000e+00
0.000000000000000000e+00
0.000000000000000000e+00
0.000000000000000000e+00
0.000000000000000000e+00
0.000000000000000000e+00
0.000000000000000000e+00
0.000000000000000000e+00
0.000000000000000000e+00
0.000000000000000000e+00
0.000000000000000000e+00
0.000000000000000000e+00
0.000000000000000000e+00
0.000000000000000000e+00
0.000000000000000000e+00
0.000000000000000000e+00
0.000000000000000000e+00
0.000000000000000000e+00
