0.000000000000000000e+00
0.000000000000000000e+00
0.000000000000000000e+00
0.000000000000000000e+00
0.000000000000000000e+00
0.000000000000000000e+00
0.000000000000000000e+00
0.000000000000000000e+00
0.000000000000000000e+00
0.000000000000000000e+00
0.000000000000000000e+00
0.000000000000000000e+00
0.000000000000000000e+00
0.000000000000000000e+00
0.000000000000000000e+00
0.000000000000000000e+00
0.000000000000000000e+00
0.000000000000000000e+00
0.000000000000000000e+00
0.000000000000000000e+00
0.000000000000000000e+00
0.000000000000000000e+00
0.000000000000000000e+00
0.000000000000000000e+00
0.000000000000000000e+00
0.000000000000000000e+00
0.000000000000000000e+00
0.000000000000000000e+00
0.000000000000000000e+00
0.000000000000000000e+00
3.000000000000000000e+01
2.870000000000000000e+02
6.610000000000000000e+02
7.470000000000000000e+02
8.020000000000000000e+02
8.330000000000000000e+02
8.380000000000000000e+02
8.410000000000000000e+02
8.540000000000000000e+02
9.050000000000000000e+02
8.650000000000000000e+02
8.660000000000000000e+02
9.110000000000000000e+02
8.850000000000000000e+02
8.770000000000000000e+02
8.990000000000000000e+02
9.030000000000000000e+02
8.730000000000000000e+02
9.050000000000000000e+02
9.000000000000000000e+02
8.830000000000000000e+02
8.980000000000000000e+02
9.100000000000000000e+02
8.830000000000000000e+02
9.010000000000000000e+02
9.050000000000000000e+02
8.890000000000000000e+02
8.980000000000000000e+02
9.080000000000000000e+02
8.890000000000000000e+02
9.000000000000000000e+02
9.060000000000000000e+02
8.930000000000000000e+02
8.990000000000000000e+02
9.060000000000000000e+02
8.950000000000000000e+02
9.030000000000000000e+02
9.070000000000000000e+02
8.950000000000000000e+02
9.020000000000000000e+02
9.060000000000000000e+02
9.010000000000000000e+02
8.970000000000000000e+02
9.160000000000000000e+02
8.930000000000000000e+02
9.030000000000000000e+02
9.090000000000000000e+02
8.950000000000000000e+02
9.060000000000000000e+02
8.980000000000000000e+02
9.070000000000000000e+02
8.930000000000000000e+02
9.100000000000000000e+02
8.890000000000000000e+02
9.060000000000000000e+02
9.020000000000000000e+02
9.010000000000000000e+02
9.030000000000000000e+02
9.090000000000000000e+02
8.970000000000000000e+02
9.050000000000000000e+02
9.090000000000000000e+02
9.010000000000000000e+02
9.050000000000000000e+02
9.100000000000000000e+02
8.950000000000000000e+02
8.790000000000000000e+02
8.610000000000000000e+02
0.000000000000000000e+00
0.000000000000000000e+00
0.000000000000000000e+00
0.000000000000000000e+00
0.000000000000000000e+00
0.000000000000000000e+00
0.000000000000000000e+00
0.000000000000000000e+00
0.000000000000000000e+00
0.000000000000000000e+00
0.000000000000000000e+00
0.000000000000000000e+00
0.000000000000000000e+00
0.000000000000000000e+00
0.000000000000000000e+00
0.000000000000000000e+00
0.000000000000000000e+00
0.000000000000000000e+00
0.000000000000000000e+00
0.000000000000000000e+00
0.000000000000000000e+00
0.000000000000000000e+00
0.000000000000000000e+00
0.000000000000000000e+00
0.000000000000000000e+00
0.000000000000000000e+00
0.000000000000000000e+00
0.000000000000000000e+00
0.000000000000000000e+00
0.000000000000000000e+00
0.000000000000000000e+00
0.000000000000000000e+00
0.000000000000000000e+00
0.000000000000000000e+00
0.000000000000000000e+00
0.000000000000000000e+00
0.000000000000000000e+00
0.000000000000000000e+00
2.040000000000000000e+02
3.380000000000000000e+02
5.410000000000000000e+02
7.180000000000000000e+02
7.770000000000000000e+02
7.840000000000000000e+02
7.450000000000000000e+02
7.770000000000000000e+02
7.550000000000000000e+02
7.890000000000000000e+02
7.740000000000000000e+02
7.790000000000000000e+02
7.810000000000000000e+02
7.800000000000000000e+02
7.790000000000000000e+02
7.830000000000000000e+02
7.850000000000000000e+02
7.760000000000000000e+02
7.870000000000000000e+02
7.840000000000000000e+02
7.780000000000000000e+02
7.930000000000000000e+02
7.830000000000000000e+02
7.800000000000000000e+02
7.870000000000000000e+02
7.880000000000000000e+02
7.840000000000000000e+02
7.830000000000000000e+02
7.880000000000000000e+02
7.840000000000000000e+02
7.860000000000000000e+02
7.890000000000000000e+02
7.880000000000000000e+02
7.900000000000000000e+02
7.870000000000000000e+02
7.900000000000000000e+02
7.940000000000000000e+02
7.870000000000000000e+02
7.880000000000000000e+02
7.930000000000000000e+02
7.910000000000000000e+02
7.880000000000000000e+02
7.880000000000000000e+02
7.920000000000000000e+02
7.910000000000000000e+02
7.850000000000000000e+02
7.940000000000000000e+02
7.910000000000000000e+02
7.910000000000000000e+02
7.950000000000000000e+02
7.890000000000000000e+02
7.900000000000000000e+02
7.880000000000000000e+02
7.970000000000000000e+02
7.880000000000000000e+02
7.910000000000000000e+02
7.940000000000000000e+02
7.870000000000000000e+02
7.930000000000000000e+02
7.940000000000000000e+02
7.950000000000000000e+02
7.890000000000000000e+02
7.920000000000000000e+02
7.980000000000000000e+02
7.850000000000000000e+02
7.930000000000000000e+02
7.910000000000000000e+02
7.950000000000000000e+02
7.900000000000000000e+02
7.890000000000000000e+02
7.910000000000000000e+02
7.970000000000000000e+02
7.920000000000000000e+02
7.850000000000000000e+02
7.840000000000000000e+02
7.950000000000000000e+02
7.940000000000000000e+02
7.940000000000000000e+02
7.920000000000000000e+02
7.930000000000000000e+02
7.980000000000000000e+02
7.970000000000000000e+02
7.750000000000000000e+02
5.080000000000000000e+02
0.000000000000000000e+00
0.000000000000000000e+00
0.000000000000000000e+00
0.000000000000000000e+00
0.000000000000000000e+00
0.000000000000000000e+00
0.000000000000000000e+00
0.000000000000000000e+00
0.000000000000000000e+00
0.000000000000000000e+00
0.000000000000000000e+00
0.000000000000000000e+00
0.000000000000000000e+00
0.000000000000000000e+00
0.000000000000000000e+00
0.000000000000000000e+00
0.000000000000000000e+00
0.000000000000000000e+00
0.000000000000000000e+00
0.000000000000000000e+00
0.000000000000000000e+00
0.000000000000000000e+00
0.000000000000000000e+00
0.000000000000000000e+00
0.000000000000000000e+00
0.000000000000000000e+00
0.000000000000000000e+00
0.000000000000000000e+00
0.000000000000000000e+00
0.000000000000000000e+00
0.000000000000000000e+00
0.000000000000000000e+00
0.000000000000000000e+00
0.000000000000000000e+00
0.000000000000000000e+00
0.000000000000000000e+00
0.000000000000000000e+00
0.000000000000000000e+00
0.000000000000000000e+00
0.000000000000000000e+00
0.000000000000000000e+00
0.000000000000000000e+00
0.000000000000000000e+00
0.000000000000000000e+00
0.000000000000000000e+00
0.000000000000000000e+00
0.000000000000000000e+00
0.000000000000000000e+00
0.000000000000000000e+00
0.000000000000000000e+00
0.000000000000000000e+00
0.000000000000000000e+00
0.000000000000000000e+00
0.000000000000000000e+00
0.000000000000000000e+00
0.000000000000000000e+00
0.000000000000000000e+00
0.000000000000000000e+00
0.000000000000000000e+00
0.000000000000000000e+00
0.000000000000000000e+00
0.000000000000000000e+00
0.000000000000000000e+00
0.000000000000000000e+00
0.000000000000000000e+00
0.000000000000000000e+00
0.000000000000000000e+00
0.000000000000000000e+00
0.000000000000000000e+00
0.000000000000000000e+00
0.000000000000000000e+00
0.000000000000000000e+00
0.000000000000000000e+00
0.000000000000000000e+00
0.000000000000000000e+00
0.000000000000000000e+00
0.000000000000000000e+00
0.000000000000000000e+00
0.000000000000000000e+00
0.000000000000000000e+00
