0.000000000000000000e+00
0.000000000000000000e+00
0.000000000000000000e+00
0.000000000000000000e+00
0.000000000000000000e+00
0.000000000000000000e+00
0.000000000000000000e+00
0.000000000000000000e+00
0.000000000000000000e+00
0.000000000000000000e+00
0.000000000000000000e+00
0.000000000000000000e+00
0.000000000000000000e+00
0.000000000000000000e+00
0.000000000000000000e+00
0.000000000000000000e+00
0.000000000000000000e+00
0.000000000000000000e+00
0.000000000000000000e+00
0.000000000000000000e+00
0.000000000000000000e+00
0.000000000000000000e+00
0.000000000000000000e+00
0.000000000000000000e+00
0.000000000000000000e+00
0.000000000000000000e+00
0.000000000000000000e+00
0.000000000000000000e+00
0.000000000000000000e+00
0.000000000000000000e+00
0.000000000000000000e+00
0.000000000000000000e+00
0.000000000000000000e+00
3.200000000000000000e+01
1.520000000000000000e+02
3.800000000000000000e+02
4.330000000000000000e+02
4.730000000000000000e+02
4.740000000000000000e+02
5.990000000000000000e+02
6.960000000000000000e+02
7.920000000000000000e+02
8.310000000000000000e+02
8.440000000000000000e+02
8.510000000000000000e+02
8.520000000000000000e+02
8.570000000000000000e+02
8.640000000000000000e+02
8.640000000000000000e+02
8.660000000000000000e+02
8.660000000000000000e+02
8.640000000000000000e+02
8.670000000000000000e+02
8.680000000000000000e+02
8.740000000000000000e+02
8.920000000000000000e+02
8.740000000000000000e+02
8.950000000000000000e+02
8.770000000000000000e+02
8.940000000000000000e+02
8.780000000000000000e+02
8.970000000000000000e+02
8.810000000000000000e+02
8.900000000000000000e+02
8.890000000000000000e+02
8.900000000000000000e+02
8.860000000000000000e+02
8.920000000000000000e+02
8.900000000000000000e+02
8.860000000000000000e+02
8.940000000000000000e+02
8.900000000000000000e+02
8.880000000000000000e+02
8.900000000000000000e+02
8.940000000000000000e+02
8.870000000000000000e+02
8.980000000000000000e+02
8.880000000000000000e+02
8.940000000000000000e+02
8.870000000000000000e+02
8.990000000000000000e+02
8.860000000000000000e+02
8.970000000000000000e+02
8.920000000000000000e+02
8.960000000000000000e+02
8.920000000000000000e+02
8.950000000000000000e+02
8.930000000000000000e+02
8.970000000000000000e+02
8.870000000000000000e+02
8.990000000000000000e+02
8.920000000000000000e+02
8.980000000000000000e+02
8.890000000000000000e+02
9.000000000000000000e+02
8.870000000000000000e+02
8.990000000000000000e+02
8.920000000000000000e+02
8.970000000000000000e+02
8.910000000000000000e+02
9.000000000000000000e+02
8.940000000000000000e+02
8.980000000000000000e+02
8.930000000000000000e+02
8.980000000000000000e+02
8.920000000000000000e+02
9.000000000000000000e+02
8.900000000000000000e+02
8.980000000000000000e+02
8.910000000000000000e+02
8.970000000000000000e+02
8.950000000000000000e+02
8.990000000000000000e+02
8.930000000000000000e+02
9.010000000000000000e+02
8.960000000000000000e+02
8.960000000000000000e+02
8.980000000000000000e+02
8.970000000000000000e+02
8.910000000000000000e+02
9.110000000000000000e+02
8.490000000000000000e+02
0.000000000000000000e+00
0.000000000000000000e+00
0.000000000000000000e+00
0.000000000000000000e+00
0.000000000000000000e+00
0.000000000000000000e+00
0.000000000000000000e+00
0.000000000000000000e+00
0.000000000000000000e+00
0.000000000000000000e+00
0.000000000000000000e+00
0.000000000000000000e+00
0.000000000000000000e+00
0.000000000000000000e+00
0.000000000000000000e+00
0.000000000000000000e+00
0.000000000000000000e+00
0.000000000000000000e+00
0.000000000000000000e+00
0.000000000000000000e+00
0.000000000000000000e+00
0.000000000000000000e+00
0.000000000000000000e+00
0.000000000000000000e+00
0.000000000000000000e+00
0.000000000000000000e+00
0.000000000000000000e+00
0.000000000000000000e+00
0.000000000000000000e+00
0.000000000000000000e+00
0.000000000000000000e+00
0.000000000000000000e+00
0.000000000000000000e+00
0.000000000000000000e+00
0.000000000000000000e+00
0.000000000000000000e+00
0.000000000000000000e+00
0.000000000000000000e+00
0.000000000000000000e+00
0.000000000000000000e+00
0.000000000000000000e+00
0.000000000000000000e+00
0.000000000000000000e+00
0.000000000000000000e+00
0.000000000000000000e+00
0.000000000000000000e+00
0.000000000000000000e+00
0.000000000000000000e+00
0.000000000000000000e+00
0.000000000000000000e+00
0.000000000000000000e+00
0.000000000000000000e+00
0.000000000000000000e+00
0.000000000000000000e+00
0.000000000000000000e+00
0.000000000000000000e+00
0.000000000000000000e+00
2.040000000000000000e+02
6.830000000000000000e+02
7.810000000000000000e+02
8.670000000000000000e+02
8.600000000000000000e+02
8.810000000000000000e+02
9.240000000000000000e+02
9.250000000000000000e+02
8.860000000000000000e+02
8.840000000000000000e+02
9.220000000000000000e+02
9.030000000000000000e+02
8.900000000000000000e+02
9.010000000000000000e+02
9.110000000000000000e+02
9.120000000000000000e+02
8.920000000000000000e+02
9.030000000000000000e+02
9.170000000000000000e+02
9.030000000000000000e+02
9.020000000000000000e+02
9.040000000000000000e+02
9.160000000000000000e+02
9.080000000000000000e+02
9.000000000000000000e+02
9.120000000000000000e+02
9.120000000000000000e+02
9.100000000000000000e+02
9.040000000000000000e+02
9.100000000000000000e+02
9.160000000000000000e+02
9.070000000000000000e+02
9.060000000000000000e+02
9.130000000000000000e+02
9.120000000000000000e+02
9.050000000000000000e+02
9.080000000000000000e+02
9.150000000000000000e+02
9.100000000000000000e+02
9.030000000000000000e+02
9.090000000000000000e+02
9.120000000000000000e+02
9.080000000000000000e+02
9.090000000000000000e+02
9.080000000000000000e+02
9.170000000000000000e+02
9.070000000000000000e+02
9.130000000000000000e+02
9.120000000000000000e+02
9.100000000000000000e+02
9.130000000000000000e+02
9.100000000000000000e+02
9.150000000000000000e+02
9.090000000000000000e+02
9.080000000000000000e+02
9.160000000000000000e+02
9.080000000000000000e+02
9.150000000000000000e+02
9.080000000000000000e+02
9.160000000000000000e+02
9.110000000000000000e+02
9.100000000000000000e+02
9.140000000000000000e+02
9.070000000000000000e+02
9.180000000000000000e+02
9.090000000000000000e+02
9.130000000000000000e+02
9.110000000000000000e+02
9.130000000000000000e+02
9.160000000000000000e+02
9.080000000000000000e+02
9.150000000000000000e+02
8.940000000000000000e+02
8.980000000000000000e+02
7.530000000000000000e+02
2.400000000000000000e+01
0.000000000000000000e+00
0.000000000000000000e+00
0.000000000000000000e+00
0.000000000000000000e+00
0.000000000000000000e+00
0.000000000000000000e+00
0.000000000000000000e+00
0.000000000000000000e+00
0.000000000000000000e+00
0.000000000000000000e+00
0.000000000000000000e+00
0.000000000000000000e+00
0.000000000000000000e+00
0.000000000000000000e+00
0.000000000000000000e+00
0.000000000000000000e+00
0.000000000000000000e+00
0.000000000000000000e+00
0.000000000000000000e+00
0.000000000000000000e+00
0.000000000000000000e+00
0.000000000000000000e+00
0.000000000000000000e+00
0.000000000000000000e+00
0.000000000000000000e+00
0.000000000000000000e+00
0.000000000000000000e+00
0.000000000000000000e+00
0.000000000000000000e+00
0.000000000000000000e+00
0.000000000000000000e+00
0.000000000000000000e+00
0.000000000000000000e+00
0.000000000000000000e+00
0.000000000000000000e+00
0.000000000000000000e+00
0.000000000000000000e+00
0.000000000000000000e+00
0.000000000000000000e+00
0.000000000000000000e+00
0.000000000000000000e+00
0.000000000000000000e+00
0.000000000000000000e+00
0.000000000000000000e+00
0.000000000000000000e+00
