0.000000000000000000e+00
0.000000000000000000e+00
0.000000000000000000e+00
0.000000000000000000e+00
0.000000000000000000e+00
0.000000000000000000e+00
0.000000000000000000e+00
0.000000000000000000e+00
0.000000000000000000e+00
0.000000000000000000e+00
0.000000000000000000e+00
0.000000000000000000e+00
0.000000000000000000e+00
0.000000000000000000e+00
0.000000000000000000e+00
0.000000000000000000e+00
0.000000000000000000e+00
0.000000000000000000e+00
0.000000000000000000e+00
0.000000000000000000e+00
0.000000000000000000e+00
0.000000000000000000e+00
0.000000000000000000e+00
0.000000000000000000e+00
0.000000000000000000e+00
0.000000000000000000e+00
0.000000000000000000e+00
0.000000000000000000e+00
0.000000000000000000e+00
0.000000000000000000e+00
0.000000000000000000e+00
0.000000000000000000e+00
0.000000000000000000e+00
0.000000000000000000e+00
0.000000000000000000e+00
2.410000000000000000e+02
4.790000000000000000e+02
6.240000000000000000e+02
6.350000000000000000e+02
7.280000000000000000e+02
7.950000000000000000e+02
8.090000000000000000e+02
7.910000000000000000e+02
8.130000000000000000e+02
8.540000000000000000e+02
8.600000000000000000e+02
8.700000000000000000e+02
8.840000000000000000e+02
8.830000000000000000e+02
8.650000000000000000e+02
8.720000000000000000e+02
8.860000000000000000e+02
8.670000000000000000e+02
8.810000000000000000e+02
8.740000000000000000e+02
8.860000000000000000e+02
8.690000000000000000e+02
8.780000000000000000e+02
8.790000000000000000e+02
8.750000000000000000e+02
8.790000000000000000e+02
8.780000000000000000e+02
8.820000000000000000e+02
8.750000000000000000e+02
8.800000000000000000e+02
8.790000000000000000e+02
8.760000000000000000e+02
8.820000000000000000e+02
8.770000000000000000e+02
8.830000000000000000e+02
8.760000000000000000e+02
8.850000000000000000e+02
8.770000000000000000e+02
8.800000000000000000e+02
8.810000000000000000e+02
8.810000000000000000e+02
8.800000000000000000e+02
8.790000000000000000e+02
8.840000000000000000e+02
8.780000000000000000e+02
8.830000000000000000e+02
8.830000000000000000e+02
8.780000000000000000e+02
8.830000000000000000e+02
8.800000000000000000e+02
8.820000000000000000e+02
8.790000000000000000e+02
8.860000000000000000e+02
8.780000000000000000e+02
8.830000000000000000e+02
8.800000000000000000e+02
8.830000000000000000e+02
8.800000000000000000e+02
8.840000000000000000e+02
8.830000000000000000e+02
8.790000000000000000e+02
8.860000000000000000e+02
8.810000000000000000e+02
8.850000000000000000e+02
8.800000000000000000e+02
8.850000000000000000e+02
8.790000000000000000e+02
8.850000000000000000e+02
8.800000000000000000e+02
8.840000000000000000e+02
8.800000000000000000e+02
8.830000000000000000e+02
8.820000000000000000e+02
8.810000000000000000e+02
8.850000000000000000e+02
8.810000000000000000e+02
8.860000000000000000e+02
8.790000000000000000e+02
8.860000000000000000e+02
8.790000000000000000e+02
8.840000000000000000e+02
8.810000000000000000e+02
8.750000000000000000e+02
0.000000000000000000e+00
0.000000000000000000e+00
0.000000000000000000e+00
0.000000000000000000e+00
0.000000000000000000e+00
0.000000000000000000e+00
0.000000000000000000e+00
0.000000000000000000e+00
0.000000000000000000e+00
0.000000000000000000e+00
0.000000000000000000e+00
0.000000000000000000e+00
0.000000000000000000e+00
0.000000000000000000e+00
0.000000000000000000e+00
0.000000000000000000e+00
0.000000000000000000e+00
0.000000000000000000e+00
0.000000000000000000e+00
0.000000000000000000e+00
0.000000000000000000e+00
0.000000000000000000e+00
0.000000000000000000e+00
0.000000000000000000e+00
0.000000000000000000e+00
0.000000000000000000e+00
0.000000000000000000e+00
0.000000000000000000e+00
0.000000000000000000e+00
0.000000000000000000e+00
0.000000000000000000e+00
0.000000000000000000e+00
1.190000000000000000e+02
1.320000000000000000e+02
4.940000000000000000e+02
6.490000000000000000e+02
7.530000000000000000e+02
8.090000000000000000e+02
8.240000000000000000e+02
8.300000000000000000e+02
8.220000000000000000e+02
7.880000000000000000e+02
8.290000000000000000e+02
8.410000000000000000e+02
7.980000000000000000e+02
8.420000000000000000e+02
8.280000000000000000e+02
8.380000000000000000e+02
8.140000000000000000e+02
8.450000000000000000e+02
8.330000000000000000e+02
8.340000000000000000e+02
8.310000000000000000e+02
8.450000000000000000e+02
8.260000000000000000e+02
8.370000000000000000e+02
8.460000000000000000e+02
8.400000000000000000e+02
8.270000000000000000e+02
8.460000000000000000e+02
8.440000000000000000e+02
8.300000000000000000e+02
8.460000000000000000e+02
8.330000000000000000e+02
8.430000000000000000e+02
8.490000000000000000e+02
8.500000000000000000e+02
8.270000000000000000e+02
8.410000000000000000e+02
8.620000000000000000e+02
8.270000000000000000e+02
8.400000000000000000e+02
8.490000000000000000e+02
8.420000000000000000e+02
8.430000000000000000e+02
8.450000000000000000e+02
8.440000000000000000e+02
8.390000000000000000e+02
8.510000000000000000e+02
8.390000000000000000e+02
8.470000000000000000e+02
8.540000000000000000e+02
8.370000000000000000e+02
8.540000000000000000e+02
8.500000000000000000e+02
8.400000000000000000e+02
8.500000000000000000e+02
8.510000000000000000e+02
8.450000000000000000e+02
8.410000000000000000e+02
8.540000000000000000e+02
8.430000000000000000e+02
8.440000000000000000e+02
8.550000000000000000e+02
8.430000000000000000e+02
8.500000000000000000e+02
8.510000000000000000e+02
8.470000000000000000e+02
8.440000000000000000e+02
8.540000000000000000e+02
8.510000000000000000e+02
8.410000000000000000e+02
8.570000000000000000e+02
8.450000000000000000e+02
8.450000000000000000e+02
8.460000000000000000e+02
8.540000000000000000e+02
8.400000000000000000e+02
8.500000000000000000e+02
8.490000000000000000e+02
8.340000000000000000e+02
8.610000000000000000e+02
6.540000000000000000e+02
0.000000000000000000e+00
0.000000000000000000e+00
0.000000000000000000e+00
0.000000000000000000e+00
0.000000000000000000e+00
0.000000000000000000e+00
0.000000000000000000e+00
0.000000000000000000e+00
0.000000000000000000e+00
0.000000000000000000e+00
0.000000000000000000e+00
0.000000000000000000e+00
0.000000000000000000e+00
0.000000000000000000e+00
0.000000000000000000e+00
0.000000000000000000e+00
0.000000000000000000e+00
0.000000000000000000e+00
0.000000000000000000e+00
0.000000000000000000e+00
0.000000000000000000e+00
0.000000000000000000e+00
0.000000000000000000e+00
0.000000000000000000e+00
0.000000000000000000e+00
0.000000000000000000e+00
0.000000000000000000e+00
0.000000000000000000e+00
0.000000000000000000e+00
0.000000000000000000e+00
0.000000000000000000e+00
0.000000000000000000e+00
0.000000000000000000e+00
0.000000000000000000e+00
0.000000000000000000e+00
0.000000000000000000e+00
0.000000000000000000e+00
0.000000000000000000e+00
0.000000000000000000e+00
0.000000000000000000e+00
0.000000000000000000e+00
0.000000000000000000e+00
0.000000000000000000e+00
0.000000000000000000e+00
0.000000000000000000e+00
0.000000000000000000e+00
0.000000000000000000e+00
0.000000000000000000e+00
0.000000000000000000e+00
0.000000000000000000e+00
0.000000000000000000e+00
0.000000000000000000e+00
0.000000000000000000e+00
0.000000000000000000e+00
0.000000000000000000e+00
0.000000000000000000e+00
0.000000000000000000e+00
0.000000000000000000e+00
0.000000000000000000e+00
0.000000000000000000e+00
0.000000000000000000e+00
0.000000000000000000e+00
0.000000000000000000e+00
0.000000000000000000e+00
0.000000000000000000e+00
0.000000000000000000e+00
0.000000000000000000e+00
0.000000000000000000e+00
0.000000000000000000e+00
