0.000000000000000000e+00
0.000000000000000000e+00
0.000000000000000000e+00
0.000000000000000000e+00
0.000000000000000000e+00
0.000000000000000000e+00
0.000000000000000000e+00
0.000000000000000000e+00
0.000000000000000000e+00
0.000000000000000000e+00
0.000000000000000000e+00
0.000000000000000000e+00
0.000000000000000000e+00
0.000000000000000000e+00
0.000000000000000000e+00
0.000000000000000000e+00
0.000000000000000000e+00
0.000000000000000000e+00
0.000000000000000000e+00
0.000000000000000000e+00
0.000000000000000000e+00
0.000000000000000000e+00
0.000000000000000000e+00
0.000000000000000000e+00
0.000000000000000000e+00
0.000000000000000000e+00
0.000000000000000000e+00
0.000000000000000000e+00
0.000000000000000000e+00
0.000000000000000000e+00
0.000000000000000000e+00
0.000000000000000000e+00
0.000000000000000000e+00
0.000000000000000000e+00
0.000000000000000000e+00
0.000000000000000000e+00
0.000000000000000000e+00
0.000000000000000000e+00
0.000000000000000000e+00
0.000000000000000000e+00
0.000000000000000000e+00
0.000000000000000000e+00
0.000000000000000000e+00
0.000000000000000000e+00
0.000000000000000000e+00
0.000000000000000000e+00
0.000000000000000000e+00
0.000000000000000000e+00
0.000000000000000000e+00
3.800000000000000000e+01
8.400000000000000000e+01
3.450000000000000000e+02
6.110000000000000000e+02
6.310000000000000000e+02
7.220000000000000000e+02
8.080000000000000000e+02
8.340000000000000000e+02
8.490000000000000000e+02
8.530000000000000000e+02
8.570000000000000000e+02
8.560000000000000000e+02
8.600000000000000000e+02
8.600000000000000000e+02
8.610000000000000000e+02
8.640000000000000000e+02
8.600000000000000000e+02
8.650000000000000000e+02
8.650000000000000000e+02
8.650000000000000000e+02
8.650000000000000000e+02
8.690000000000000000e+02
8.620000000000000000e+02
8.690000000000000000e+02
8.700000000000000000e+02
8.660000000000000000e+02
8.680000000000000000e+02
8.710000000000000000e+02
8.680000000000000000e+02
8.700000000000000000e+02
8.710000000000000000e+02
8.680000000000000000e+02
8.700000000000000000e+02
8.720000000000000000e+02
8.680000000000000000e+02
8.720000000000000000e+02
8.730000000000000000e+02
8.710000000000000000e+02
8.710000000000000000e+02
8.730000000000000000e+02
8.700000000000000000e+02
8.720000000000000000e+02
8.730000000000000000e+02
8.730000000000000000e+02
8.720000000000000000e+02
8.740000000000000000e+02
8.710000000000000000e+02
8.740000000000000000e+02
8.730000000000000000e+02
8.740000000000000000e+02
8.720000000000000000e+02
8.740000000000000000e+02
8.720000000000000000e+02
8.740000000000000000e+02
8.740000000000000000e+02
8.750000000000000000e+02
8.740000000000000000e+02
8.750000000000000000e+02
8.740000000000000000e+02
8.750000000000000000e+02
8.750000000000000000e+02
8.750000000000000000e+02
8.750000000000000000e+02
8.750000000000000000e+02
8.740000000000000000e+02
8.750000000000000000e+02
8.740000000000000000e+02
8.750000000000000000e+02
8.750000000000000000e+02
8.750000000000000000e+02
8.750000000000000000e+02
8.750000000000000000e+02
8.760000000000000000e+02
8.720000000000000000e+02
8.720000000000000000e+02
8.550000000000000000e+02
0.000000000000000000e+00
0.000000000000000000e+00
0.000000000000000000e+00
0.000000000000000000e+00
0.000000000000000000e+00
0.000000000000000000e+00
0.000000000000000000e+00
0.000000000000000000e+00
0.000000000000000000e+00
0.000000000000000000e+00
0.000000000000000000e+00
0.000000000000000000e+00
0.000000000000000000e+00
0.000000000000000000e+00
0.000000000000000000e+00
0.000000000000000000e+00
0.000000000000000000e+00
0.000000000000000000e+00
0.000000000000000000e+00
0.000000000000000000e+00
0.000000000000000000e+00
0.000000000000000000e+00
0.000000000000000000e+00
0.000000000000000000e+00
0.000000000000000000e+00
0.000000000000000000e+00
0.000000000000000000e+00
0.000000000000000000e+00
0.000000000000000000e+00
0.000000000000000000e+00
0.000000000000000000e+00
0.000000000000000000e+00
0.000000000000000000e+00
0.000000000000000000e+00
0.000000000000000000e+00
0.000000000000000000e+00
0.000000000000000000e+00
0.000000000000000000e+00
0.000000000000000000e+00
0.000000000000000000e+00
0.000000000000000000e+00
0.000000000000000000e+00
0.000000000000000000e+00
1.560000000000000000e+02
2.980000000000000000e+02
5.980000000000000000e+02
7.110000000000000000e+02
7.570000000000000000e+02
7.790000000000000000e+02
7.930000000000000000e+02
7.910000000000000000e+02
8.010000000000000000e+02
8.170000000000000000e+02
8.290000000000000000e+02
8.310000000000000000e+02
8.350000000000000000e+02
8.330000000000000000e+02
8.270000000000000000e+02
8.260000000000000000e+02
8.070000000000000000e+02
8.130000000000000000e+02
8.060000000000000000e+02
7.950000000000000000e+02
7.760000000000000000e+02
7.930000000000000000e+02
7.990000000000000000e+02
7.940000000000000000e+02
7.810000000000000000e+02
8.170000000000000000e+02
7.830000000000000000e+02
7.870000000000000000e+02
8.110000000000000000e+02
7.910000000000000000e+02
7.860000000000000000e+02
8.120000000000000000e+02
7.970000000000000000e+02
7.880000000000000000e+02
8.050000000000000000e+02
8.010000000000000000e+02
7.980000000000000000e+02
8.030000000000000000e+02
8.000000000000000000e+02
8.060000000000000000e+02
7.890000000000000000e+02
8.070000000000000000e+02
8.000000000000000000e+02
8.030000000000000000e+02
8.010000000000000000e+02
8.060000000000000000e+02
7.980000000000000000e+02
8.040000000000000000e+02
8.020000000000000000e+02
8.050000000000000000e+02
8.050000000000000000e+02
8.040000000000000000e+02
7.950000000000000000e+02
8.140000000000000000e+02
7.830000000000000000e+02
8.100000000000000000e+02
8.030000000000000000e+02
7.980000000000000000e+02
8.060000000000000000e+02
8.080000000000000000e+02
8.090000000000000000e+02
7.960000000000000000e+02
8.080000000000000000e+02
8.110000000000000000e+02
8.030000000000000000e+02
8.030000000000000000e+02
8.070000000000000000e+02
8.100000000000000000e+02
8.020000000000000000e+02
8.050000000000000000e+02
8.130000000000000000e+02
7.980000000000000000e+02
8.080000000000000000e+02
8.070000000000000000e+02
8.060000000000000000e+02
8.100000000000000000e+02
8.090000000000000000e+02
8.070000000000000000e+02
8.090000000000000000e+02
8.120000000000000000e+02
7.940000000000000000e+02
8.130000000000000000e+02
7.990000000000000000e+02
8.090000000000000000e+02
7.960000000000000000e+02
8.150000000000000000e+02
8.060000000000000000e+02
8.070000000000000000e+02
8.090000000000000000e+02
8.130000000000000000e+02
8.080000000000000000e+02
1.900000000000000000e+01
0.000000000000000000e+00
0.000000000000000000e+00
0.000000000000000000e+00
0.000000000000000000e+00
0.000000000000000000e+00
0.000000000000000000e+00
0.000000000000000000e+00
0.000000000000000000e+00
0.000000000000000000e+00
0.000000000000000000e+00
0.000000000000000000e+00
0.000000000000000000e+00
0.000000000000000000e+00
0.000000000000000000e+00
0.000000000000000000e+00
0.000000000000000000e+00
0.000000000000000000e+00
0.000000000000000000e+00
0.000000000000000000e+00
0.000000000000000000e+00
0.000000000000000000e+00
0.000000000000000000e+00
0.000000000000000000e+00
0.000000000000000000e+00
0.000000000000000000e+00
0.000000000000000000e+00
0.000000000000000000e+00
0.000000000000000000e+00
0.000000000000000000e+00
0.000000000000000000e+00
0.000000000000000000e+00
0.000000000000000000e+00
0.000000000000000000e+00
0.000000000000000000e+00
0.000000000000000000e+00
0.000000000000000000e+00
0.000000000000000000e+00
0.000000000000000000e+00
0.000000000000000000e+00
0.000000000000000000e+00
