0.000000000000000000e+00
0.000000000000000000e+00
0.000000000000000000e+00
0.000000000000000000e+00
0.000000000000000000e+00
0.000000000000000000e+00
0.000000000000000000e+00
0.000000000000000000e+00
0.000000000000000000e+00
0.000000000000000000e+00
0.000000000000000000e+00
0.000000000000000000e+00
0.000000000000000000e+00
0.000000000000000000e+00
0.000000000000000000e+00
0.000000000000000000e+00
0.000000000000000000e+00
0.000000000000000000e+00
0.000000000000000000e+00
0.000000000000000000e+00
0.000000000000000000e+00
0.000000000000000000e+00
0.000000000000000000e+00
0.000000000000000000e+00
0.000000000000000000e+00
0.000000000000000000e+00
8.700000000000000000e+01
3.730000000000000000e+02
5.890000000000000000e+02
6.890000000000000000e+02
7.670000000000000000e+02
8.200000000000000000e+02
8.310000000000000000e+02
8.500000000000000000e+02
8.540000000000000000e+02
8.530000000000000000e+02
8.580000000000000000e+02
8.610000000000000000e+02
8.680000000000000000e+02
8.720000000000000000e+02
8.710000000000000000e+02
8.730000000000000000e+02
8.840000000000000000e+02
8.870000000000000000e+02
8.930000000000000000e+02
8.910000000000000000e+02
9.000000000000000000e+02
8.800000000000000000e+02
9.010000000000000000e+02
8.870000000000000000e+02
8.980000000000000000e+02
8.910000000000000000e+02
9.060000000000000000e+02
8.860000000000000000e+02
9.000000000000000000e+02
8.960000000000000000e+02
8.990000000000000000e+02
8.990000000000000000e+02
9.030000000000000000e+02
8.960000000000000000e+02
8.960000000000000000e+02
9.050000000000000000e+02
8.950000000000000000e+02
9.020000000000000000e+02
8.960000000000000000e+02
9.070000000000000000e+02
8.870000000000000000e+02
9.070000000000000000e+02
8.910000000000000000e+02
9.050000000000000000e+02
8.940000000000000000e+02
9.040000000000000000e+02
8.910000000000000000e+02
9.030000000000000000e+02
8.980000000000000000e+02
8.990000000000000000e+02
9.000000000000000000e+02
9.020000000000000000e+02
9.000000000000000000e+02
9.050000000000000000e+02
8.990000000000000000e+02
9.070000000000000000e+02
9.010000000000000000e+02
9.070000000000000000e+02
8.990000000000000000e+02
9.090000000000000000e+02
8.970000000000000000e+02
9.100000000000000000e+02
8.990000000000000000e+02
9.100000000000000000e+02
8.990000000000000000e+02
9.080000000000000000e+02
9.040000000000000000e+02
9.070000000000000000e+02
9.040000000000000000e+02
9.090000000000000000e+02
9.060000000000000000e+02
9.020000000000000000e+02
8.770000000000000000e+02
6.860000000000000000e+02
0.000000000000000000e+00
0.000000000000000000e+00
0.000000000000000000e+00
0.000000000000000000e+00
0.000000000000000000e+00
0.000000000000000000e+00
0.000000000000000000e+00
0.000000000000000000e+00
0.000000000000000000e+00
0.000000000000000000e+00
0.000000000000000000e+00
0.000000000000000000e+00
0.000000000000000000e+00
0.000000000000000000e+00
0.000000000000000000e+00
0.000000000000000000e+00
0.000000000000000000e+00
0.000000000000000000e+00
0.000000000000000000e+00
0.000000000000000000e+00
0.000000000000000000e+00
0.000000000000000000e+00
0.000000000000000000e+00
0.000000000000000000e+00
0.000000000000000000e+00
0.000000000000000000e+00
0.000000000000000000e+00
0.000000000000000000e+00
0.000000000000000000e+00
0.000000000000000000e+00
0.000000000000000000e+00
0.000000000000000000e+00
0.000000000000000000e+00
0.000000000000000000e+00
0.000000000000000000e+00
0.000000000000000000e+00
0.000000000000000000e+00
4.450000000000000000e+02
4.600000000000000000e+01
5.220000000000000000e+02
6.610000000000000000e+02
8.040000000000000000e+02
8.370000000000000000e+02
8.510000000000000000e+02
8.620000000000000000e+02
8.690000000000000000e+02
8.720000000000000000e+02
8.750000000000000000e+02
8.800000000000000000e+02
8.830000000000000000e+02
8.870000000000000000e+02
8.880000000000000000e+02
8.970000000000000000e+02
9.030000000000000000e+02
9.030000000000000000e+02
9.000000000000000000e+02
9.080000000000000000e+02
9.100000000000000000e+02
8.980000000000000000e+02
9.050000000000000000e+02
9.080000000000000000e+02
9.100000000000000000e+02
9.050000000000000000e+02
9.100000000000000000e+02
9.130000000000000000e+02
9.070000000000000000e+02
9.080000000000000000e+02
9.120000000000000000e+02
9.120000000000000000e+02
9.100000000000000000e+02
9.100000000000000000e+02
9.140000000000000000e+02
9.130000000000000000e+02
9.120000000000000000e+02
9.120000000000000000e+02
9.150000000000000000e+02
9.080000000000000000e+02
9.120000000000000000e+02
9.140000000000000000e+02
9.140000000000000000e+02
9.150000000000000000e+02
9.100000000000000000e+02
9.160000000000000000e+02
9.110000000000000000e+02
9.150000000000000000e+02
9.130000000000000000e+02
9.170000000000000000e+02
9.140000000000000000e+02
9.130000000000000000e+02
9.170000000000000000e+02
9.140000000000000000e+02
9.120000000000000000e+02
9.160000000000000000e+02
9.100000000000000000e+02
9.170000000000000000e+02
9.170000000000000000e+02
9.150000000000000000e+02
9.160000000000000000e+02
9.130000000000000000e+02
9.220000000000000000e+02
9.100000000000000000e+02
9.170000000000000000e+02
9.170000000000000000e+02
9.130000000000000000e+02
9.200000000000000000e+02
9.060000000000000000e+02
9.250000000000000000e+02
9.070000000000000000e+02
9.200000000000000000e+02
9.170000000000000000e+02
9.100000000000000000e+02
8.720000000000000000e+02
4.100000000000000000e+01
0.000000000000000000e+00
0.000000000000000000e+00
0.000000000000000000e+00
0.000000000000000000e+00
0.000000000000000000e+00
0.000000000000000000e+00
0.000000000000000000e+00
0.000000000000000000e+00
0.000000000000000000e+00
0.000000000000000000e+00
0.000000000000000000e+00
0.000000000000000000e+00
0.000000000000000000e+00
0.000000000000000000e+00
0.000000000000000000e+00
0.000000000000000000e+00
0.000000000000000000e+00
0.000000000000000000e+00
0.000000000000000000e+00
0.000000000000000000e+00
0.000000000000000000e+00
0.000000000000000000e+00
0.000000000000000000e+00
0.000000000000000000e+00
0.000000000000000000e+00
0.000000000000000000e+00
0.000000000000000000e+00
0.000000000000000000e+00
0.000000000000000000e+00
0.000000000000000000e+00
0.000000000000000000e+00
0.000000000000000000e+00
0.000000000000000000e+00
0.000000000000000000e+00
0.000000000000000000e+00
0.000000000000000000e+00
0.000000000000000000e+00
0.000000000000000000e+00
0.000000000000000000e+00
0.000000000000000000e+00
0.000000000000000000e+00
0.000000000000000000e+00
0.000000000000000000e+00
0.000000000000000000e+00
0.000000000000000000e+00
0.000000000000000000e+00
0.000000000000000000e+00
0.000000000000000000e+00
0.000000000000000000e+00
0.000000000000000000e+00
0.000000000000000000e+00
0.000000000000000000e+00
0.000000000000000000e+00
0.000000000000000000e+00
0.000000000000000000e+00
0.000000000000000000e+00
0.000000000000000000e+00
0.000000000000000000e+00
0.000000000000000000e+00
0.000000000000000000e+00
0.000000000000000000e+00
0.000000000000000000e+00
0.000000000000000000e+00
0.000000000000000000e+00
0.000000000000000000e+00
0.000000000000000000e+00
0.000000000000000000e+00
0.000000000000000000e+00
0.000000000000000000e+00
0.000000000000000000e+00
0.000000000000000000e+00
0.000000000000000000e+00
0.000000000000000000e+00
0.000000000000000000e+00
0.000000000000000000e+00
0.000000000000000000e+00
0.000000000000000000e+00
0.000000000000000000e+00
0.000000000000000000e+00
0.000000000000000000e+00
0.000000000000000000e+00
0.000000000000000000e+00
0.000000000000000000e+00
0.000000000000000000e+00
0.000000000000000000e+00
0.000000000000000000e+00
0.000000000000000000e+00
