0.000000000000000000e+00
0.000000000000000000e+00
0.000000000000000000e+00
0.000000000000000000e+00
0.000000000000000000e+00
0.000000000000000000e+00
0.000000000000000000e+00
0.000000000000000000e+00
0.000000000000000000e+00
0.000000000000000000e+00
0.000000000000000000e+00
0.000000000000000000e+00
0.000000000000000000e+00
0.000000000000000000e+00
0.000000000000000000e+00
0.000000000000000000e+00
0.000000000000000000e+00
0.000000000000000000e+00
0.000000000000000000e+00
0.000000000000000000e+00
0.000000000000000000e+00
0.000000000000000000e+00
0.000000000000000000e+00
0.000000000000000000e+00
0.000000000000000000e+00
0.000000000000000000e+00
0.000000000000000000e+00
0.000000000000000000e+00
0.000000000000000000e+00
0.000000000000000000e+00
0.000000000000000000e+00
0.000000000000000000e+00
0.000000000000000000e+00
0.000000000000000000e+00
0.000000000000000000e+00
0.000000000000000000e+00
0.000000000000000000e+00
0.000000000000000000e+00
0.000000000000000000e+00
0.000000000000000000e+00
0.000000000000000000e+00
0.000000000000000000e+00
0.000000000000000000e+00
0.000000000000000000e+00
0.000000000000000000e+00
0.000000000000000000e+00
0.000000000000000000e+00
0.000000000000000000e+00
0.000000000000000000e+00
0.000000000000000000e+00
0.000000000000000000e+00
0.000000000000000000e+00
0.000000000000000000e+00
0.000000000000000000e+00
0.000000000000000000e+00
0.000000000000000000e+00
0.000000000000000000e+00
0.000000000000000000e+00
0.000000000000000000e+00
0.000000000000000000e+00
9.300000000000000000e+01
6.100000000000000000e+01
6.910000000000000000e+02
7.950000000000000000e+02
8.340000000000000000e+02
8.480000000000000000e+02
8.560000000000000000e+02
8.520000000000000000e+02
8.790000000000000000e+02
9.130000000000000000e+02
8.650000000000000000e+02
8.930000000000000000e+02
8.750000000000000000e+02
9.150000000000000000e+02
8.680000000000000000e+02
8.870000000000000000e+02
8.980000000000000000e+02
8.880000000000000000e+02
8.810000000000000000e+02
9.000000000000000000e+02
8.980000000000000000e+02
8.760000000000000000e+02
9.040000000000000000e+02
8.860000000000000000e+02
8.970000000000000000e+02
8.770000000000000000e+02
9.080000000000000000e+02
8.830000000000000000e+02
8.920000000000000000e+02
8.880000000000000000e+02
9.020000000000000000e+02
8.850000000000000000e+02
8.940000000000000000e+02
8.980000000000000000e+02
8.920000000000000000e+02
8.910000000000000000e+02
9.030000000000000000e+02
8.890000000000000000e+02
8.930000000000000000e+02
8.990000000000000000e+02
8.990000000000000000e+02
8.850000000000000000e+02
9.050000000000000000e+02
8.890000000000000000e+02
8.910000000000000000e+02
8.980000000000000000e+02
9.040000000000000000e+02
8.860000000000000000e+02
8.980000000000000000e+02
8.990000000000000000e+02
8.950000000000000000e+02
9.000000000000000000e+02
9.080000000000000000e+02
8.950000000000000000e+02
8.970000000000000000e+02
9.060000000000000000e+02
8.910000000000000000e+02
9.040000000000000000e+02
9.010000000000000000e+02
9.050000000000000000e+02
8.900000000000000000e+02
9.110000000000000000e+02
8.910000000000000000e+02
9.020000000000000000e+02
9.030000000000000000e+02
9.070000000000000000e+02
8.910000000000000000e+02
9.090000000000000000e+02
8.950000000000000000e+02
9.020000000000000000e+02
8.990000000000000000e+02
8.910000000000000000e+02
9.200000000000000000e+02
8.760000000000000000e+02
4.410000000000000000e+02
1.900000000000000000e+01
0.000000000000000000e+00
0.000000000000000000e+00
0.000000000000000000e+00
0.000000000000000000e+00
0.000000000000000000e+00
0.000000000000000000e+00
0.000000000000000000e+00
0.000000000000000000e+00
0.000000000000000000e+00
0.000000000000000000e+00
0.000000000000000000e+00
0.000000000000000000e+00
0.000000000000000000e+00
0.000000000000000000e+00
0.000000000000000000e+00
0.000000000000000000e+00
0.000000000000000000e+00
0.000000000000000000e+00
0.000000000000000000e+00
0.000000000000000000e+00
0.000000000000000000e+00
0.000000000000000000e+00
0.000000000000000000e+00
0.000000000000000000e+00
0.000000000000000000e+00
0.000000000000000000e+00
0.000000000000000000e+00
0.000000000000000000e+00
0.000000000000000000e+00
0.000000000000000000e+00
0.000000000000000000e+00
0.000000000000000000e+00
3.740000000000000000e+02
4.860000000000000000e+02
6.950000000000000000e+02
8.590000000000000000e+02
8.480000000000000000e+02
8.480000000000000000e+02
8.470000000000000000e+02
8.470000000000000000e+02
8.440000000000000000e+02
8.640000000000000000e+02
8.910000000000000000e+02
8.830000000000000000e+02
8.780000000000000000e+02
8.740000000000000000e+02
8.940000000000000000e+02
8.790000000000000000e+02
8.690000000000000000e+02
8.880000000000000000e+02
8.930000000000000000e+02
8.770000000000000000e+02
8.820000000000000000e+02
9.020000000000000000e+02
8.800000000000000000e+02
8.730000000000000000e+02
9.010000000000000000e+02
8.820000000000000000e+02
8.750000000000000000e+02
8.870000000000000000e+02
8.900000000000000000e+02
8.770000000000000000e+02
8.850000000000000000e+02
8.970000000000000000e+02
8.800000000000000000e+02
8.840000000000000000e+02
8.970000000000000000e+02
8.850000000000000000e+02
8.860000000000000000e+02
8.920000000000000000e+02
8.910000000000000000e+02
8.760000000000000000e+02
8.920000000000000000e+02
8.850000000000000000e+02
8.860000000000000000e+02
8.890000000000000000e+02
8.850000000000000000e+02
8.810000000000000000e+02
8.750000000000000000e+02
9.010000000000000000e+02
8.800000000000000000e+02
8.950000000000000000e+02
8.860000000000000000e+02
8.990000000000000000e+02
8.800000000000000000e+02
8.940000000000000000e+02
8.860000000000000000e+02
8.890000000000000000e+02
8.900000000000000000e+02
8.950000000000000000e+02
8.890000000000000000e+02
8.910000000000000000e+02
8.950000000000000000e+02
8.880000000000000000e+02
8.940000000000000000e+02
8.900000000000000000e+02
8.950000000000000000e+02
8.870000000000000000e+02
9.000000000000000000e+02
8.860000000000000000e+02
8.930000000000000000e+02
8.950000000000000000e+02
8.950000000000000000e+02
8.880000000000000000e+02
8.990000000000000000e+02
8.950000000000000000e+02
8.870000000000000000e+02
8.980000000000000000e+02
8.970000000000000000e+02
8.880000000000000000e+02
8.940000000000000000e+02
9.020000000000000000e+02
8.870000000000000000e+02
8.970000000000000000e+02
9.000000000000000000e+02
8.930000000000000000e+02
8.930000000000000000e+02
9.020000000000000000e+02
8.020000000000000000e+02
3.530000000000000000e+02
0.000000000000000000e+00
0.000000000000000000e+00
0.000000000000000000e+00
0.000000000000000000e+00
0.000000000000000000e+00
0.000000000000000000e+00
0.000000000000000000e+00
0.000000000000000000e+00
0.000000000000000000e+00
0.000000000000000000e+00
0.000000000000000000e+00
0.000000000000000000e+00
0.000000000000000000e+00
0.000000000000000000e+00
0.000000000000000000e+00
0.000000000000000000e+00
0.000000000000000000e+00
0.000000000000000000e+00
0.000000000000000000e+00
0.000000000000000000e+00
0.000000000000000000e+00
0.000000000000000000e+00
0.000000000000000000e+00
0.000000000000000000e+00
0.000000000000000000e+00
0.000000000000000000e+00
0.000000000000000000e+00
0.000000000000000000e+00
0.000000000000000000e+00
0.000000000000000000e+00
0.000000000000000000e+00
0.000000000000000000e+00
0.000000000000000000e+00
0.000000000000000000e+00
0.000000000000000000e+00
0.000000000000000000e+00
0.000000000000000000e+00
0.000000000000000000e+00
0.000000000000000000e+00
0.000000000000000000e+00
0.000000000000000000e+00
0.000000000000000000e+00
0.000000000000000000e+00
0.000000000000000000e+00
