0.000000000000000000e+00
0.000000000000000000e+00
0.000000000000000000e+00
0.000000000000000000e+00
0.000000000000000000e+00
0.000000000000000000e+00
0.000000000000000000e+00
0.000000000000000000e+00
0.000000000000000000e+00
0.000000000000000000e+00
0.000000000000000000e+00
0.000000000000000000e+00
0.000000000000000000e+00
0.000000000000000000e+00
0.000000000000000000e+00
0.000000000000000000e+00
0.000000000000000000e+00
0.000000000000000000e+00
0.000000000000000000e+00
0.000000000000000000e+00
0.000000000000000000e+00
0.000000000000000000e+00
0.000000000000000000e+00
0.000000000000000000e+00
0.000000000000000000e+00
0.000000000000000000e+00
0.000000000000000000e+00
0.000000000000000000e+00
6.240000000000000000e+02
6.740000000000000000e+02
7.380000000000000000e+02
7.910000000000000000e+02
8.160000000000000000e+02
8.340000000000000000e+02
8.530000000000000000e+02
8.670000000000000000e+02
8.850000000000000000e+02
9.120000000000000000e+02
8.530000000000000000e+02
8.900000000000000000e+02
8.950000000000000000e+02
8.990000000000000000e+02
8.710000000000000000e+02
9.090000000000000000e+02
9.010000000000000000e+02
8.810000000000000000e+02
8.960000000000000000e+02
9.130000000000000000e+02
8.770000000000000000e+02
9.060000000000000000e+02
9.080000000000000000e+02
8.950000000000000000e+02
8.910000000000000000e+02
9.140000000000000000e+02
8.930000000000000000e+02
8.990000000000000000e+02
9.130000000000000000e+02
9.040000000000000000e+02
8.980000000000000000e+02
9.120000000000000000e+02
9.000000000000000000e+02
9.030000000000000000e+02
9.110000000000000000e+02
9.070000000000000000e+02
9.020000000000000000e+02
9.130000000000000000e+02
9.050000000000000000e+02
9.080000000000000000e+02
9.090000000000000000e+02
9.080000000000000000e+02
9.030000000000000000e+02
9.140000000000000000e+02
9.140000000000000000e+02
9.030000000000000000e+02
9.120000000000000000e+02
9.100000000000000000e+02
8.910000000000000000e+02
9.150000000000000000e+02
9.070000000000000000e+02
9.060000000000000000e+02
9.000000000000000000e+02
9.120000000000000000e+02
8.960000000000000000e+02
9.130000000000000000e+02
9.180000000000000000e+02
8.970000000000000000e+02
9.130000000000000000e+02
9.090000000000000000e+02
9.080000000000000000e+02
8.990000000000000000e+02
9.200000000000000000e+02
8.990000000000000000e+02
9.080000000000000000e+02
9.160000000000000000e+02
9.060000000000000000e+02
9.070000000000000000e+02
9.170000000000000000e+02
9.050000000000000000e+02
9.070000000000000000e+02
9.140000000000000000e+02
8.970000000000000000e+02
9.150000000000000000e+02
9.170000000000000000e+02
9.090000000000000000e+02
9.040000000000000000e+02
7.540000000000000000e+02
0.000000000000000000e+00
0.000000000000000000e+00
0.000000000000000000e+00
0.000000000000000000e+00
0.000000000000000000e+00
0.000000000000000000e+00
0.000000000000000000e+00
0.000000000000000000e+00
0.000000000000000000e+00
0.000000000000000000e+00
0.000000000000000000e+00
0.000000000000000000e+00
0.000000000000000000e+00
0.000000000000000000e+00
0.000000000000000000e+00
0.000000000000000000e+00
0.000000000000000000e+00
0.000000000000000000e+00
0.000000000000000000e+00
0.000000000000000000e+00
0.000000000000000000e+00
0.000000000000000000e+00
0.000000000000000000e+00
0.000000000000000000e+00
0.000000000000000000e+00
0.000000000000000000e+00
0.000000000000000000e+00
0.000000000000000000e+00
0.000000000000000000e+00
0.000000000000000000e+00
0.000000000000000000e+00
0.000000000000000000e+00
0.000000000000000000e+00
0.000000000000000000e+00
0.000000000000000000e+00
0.000000000000000000e+00
0.000000000000000000e+00
0.000000000000000000e+00
0.000000000000000000e+00
0.000000000000000000e+00
0.000000000000000000e+00
8.600000000000000000e+01
5.100000000000000000e+01
5.050000000000000000e+02
5.100000000000000000e+02
6.970000000000000000e+02
7.790000000000000000e+02
8.370000000000000000e+02
8.580000000000000000e+02
8.640000000000000000e+02
8.690000000000000000e+02
8.840000000000000000e+02
8.870000000000000000e+02
9.060000000000000000e+02
9.260000000000000000e+02
9.190000000000000000e+02
9.320000000000000000e+02
9.110000000000000000e+02
9.310000000000000000e+02
9.270000000000000000e+02
9.290000000000000000e+02
9.220000000000000000e+02
9.290000000000000000e+02
9.320000000000000000e+02
9.320000000000000000e+02
9.230000000000000000e+02
9.330000000000000000e+02
9.340000000000000000e+02
9.260000000000000000e+02
9.320000000000000000e+02
9.280000000000000000e+02
9.350000000000000000e+02
9.180000000000000000e+02
9.350000000000000000e+02
9.280000000000000000e+02
9.360000000000000000e+02
9.270000000000000000e+02
9.350000000000000000e+02
9.360000000000000000e+02
9.290000000000000000e+02
9.360000000000000000e+02
9.350000000000000000e+02
9.350000000000000000e+02
9.340000000000000000e+02
9.350000000000000000e+02
9.370000000000000000e+02
9.330000000000000000e+02
9.360000000000000000e+02
9.370000000000000000e+02
9.340000000000000000e+02
9.370000000000000000e+02
9.330000000000000000e+02
9.380000000000000000e+02
9.280000000000000000e+02
9.370000000000000000e+02
9.330000000000000000e+02
9.380000000000000000e+02
9.300000000000000000e+02
9.380000000000000000e+02
9.330000000000000000e+02
9.390000000000000000e+02
9.320000000000000000e+02
9.380000000000000000e+02
9.360000000000000000e+02
9.370000000000000000e+02
9.360000000000000000e+02
9.360000000000000000e+02
9.370000000000000000e+02
9.380000000000000000e+02
9.300000000000000000e+02
9.380000000000000000e+02
9.360000000000000000e+02
9.380000000000000000e+02
9.330000000000000000e+02
9.380000000000000000e+02
9.340000000000000000e+02
9.380000000000000000e+02
9.360000000000000000e+02
9.390000000000000000e+02
9.340000000000000000e+02
9.400000000000000000e+02
9.160000000000000000e+02
9.060000000000000000e+02
9.130000000000000000e+02
9.060000000000000000e+02
8.070000000000000000e+02
0.000000000000000000e+00
0.000000000000000000e+00
0.000000000000000000e+00
0.000000000000000000e+00
0.000000000000000000e+00
0.000000000000000000e+00
0.000000000000000000e+00
0.000000000000000000e+00
0.000000000000000000e+00
0.000000000000000000e+00
0.000000000000000000e+00
0.000000000000000000e+00
0.000000000000000000e+00
0.000000000000000000e+00
0.000000000000000000e+00
0.000000000000000000e+00
0.000000000000000000e+00
0.000000000000000000e+00
0.000000000000000000e+00
0.000000000000000000e+00
0.000000000000000000e+00
0.000000000000000000e+00
0.000000000000000000e+00
0.000000000000000000e+00
0.000000000000000000e+00
0.000000000000000000e+00
0.000000000000000000e+00
0.000000000000000000e+00
0.000000000000000000e+00
0.000000000000000000e+00
0.000000000000000000e+00
0.000000000000000000e+00
0.000000000000000000e+00
0.000000000000000000e+00
0.000000000000000000e+00
0.000000000000000000e+00
0.000000000000000000e+00
0.000000000000000000e+00
0.000000000000000000e+00
0.000000000000000000e+00
0.000000000000000000e+00
0.000000000000000000e+00
0.000000000000000000e+00
0.000000000000000000e+00
0.000000000000000000e+00
0.000000000000000000e+00
0.000000000000000000e+00
0.000000000000000000e+00
0.000000000000000000e+00
2.000000000000000000e+00
0.000000000000000000e+00
0.000000000000000000e+00
0.000000000000000000e+00
0.000000000000000000e+00
0.000000000000000000e+00
0.000000000000000000e+00
0.000000000000000000e+00
0.000000000000000000e+00
0.000000000000000000e+00
0.000000000000000000e+00
0.000000000000000000e+00
0.000000000000000000e+00
0.000000000000000000e+00
0.000000000000000000e+00
0.000000000000000000e+00
0.000000000000000000e+00
0.000000000000000000e+00
0.000000000000000000e+00
