0.000000000000000000e+00
0.000000000000000000e+00
0.000000000000000000e+00
0.000000000000000000e+00
0.000000000000000000e+00
0.000000000000000000e+00
0.000000000000000000e+00
0.000000000000000000e+00
0.000000000000000000e+00
0.000000000000000000e+00
0.000000000000000000e+00
0.000000000000000000e+00
0.000000000000000000e+00
0.000000000000000000e+00
0.000000000000000000e+00
0.000000000000000000e+00
6.200000000000000000e+02
7.420000000000000000e+02
8.110000000000000000e+02
8.400000000000000000e+02
8.520000000000000000e+02
8.380000000000000000e+02
8.300000000000000000e+02
8.420000000000000000e+02
8.510000000000000000e+02
8.550000000000000000e+02
8.500000000000000000e+02
8.570000000000000000e+02
8.560000000000000000e+02
8.940000000000000000e+02
8.650000000000000000e+02
8.570000000000000000e+02
8.800000000000000000e+02
8.750000000000000000e+02
8.650000000000000000e+02
8.680000000000000000e+02
8.880000000000000000e+02
8.660000000000000000e+02
8.690000000000000000e+02
8.860000000000000000e+02
8.630000000000000000e+02
8.720000000000000000e+02
8.760000000000000000e+02
8.780000000000000000e+02
8.720000000000000000e+02
8.780000000000000000e+02
8.770000000000000000e+02
8.730000000000000000e+02
8.730000000000000000e+02
8.790000000000000000e+02
8.760000000000000000e+02
8.740000000000000000e+02
8.770000000000000000e+02
8.760000000000000000e+02
8.770000000000000000e+02
8.730000000000000000e+02
8.850000000000000000e+02
8.720000000000000000e+02
8.820000000000000000e+02
8.780000000000000000e+02
8.790000000000000000e+02
8.730000000000000000e+02
8.870000000000000000e+02
8.750000000000000000e+02
8.780000000000000000e+02
8.830000000000000000e+02
8.800000000000000000e+02
8.770000000000000000e+02
8.830000000000000000e+02
8.800000000000000000e+02
8.790000000000000000e+02
8.810000000000000000e+02
8.820000000000000000e+02
8.780000000000000000e+02
8.830000000000000000e+02
8.770000000000000000e+02
8.830000000000000000e+02
8.770000000000000000e+02
8.790000000000000000e+02
8.660000000000000000e+02
7.440000000000000000e+02
0.000000000000000000e+00
0.000000000000000000e+00
0.000000000000000000e+00
0.000000000000000000e+00
0.000000000000000000e+00
0.000000000000000000e+00
0.000000000000000000e+00
0.000000000000000000e+00
0.000000000000000000e+00
0.000000000000000000e+00
0.000000000000000000e+00
0.000000000000000000e+00
0.000000000000000000e+00
0.000000000000000000e+00
0.000000000000000000e+00
0.000000000000000000e+00
0.000000000000000000e+00
0.000000000000000000e+00
0.000000000000000000e+00
0.000000000000000000e+00
0.000000000000000000e+00
0.000000000000000000e+00
0.000000000000000000e+00
0.000000000000000000e+00
0.000000000000000000e+00
0.000000000000000000e+00
0.000000000000000000e+00
0.000000000000000000e+00
0.000000000000000000e+00
0.000000000000000000e+00
0.000000000000000000e+00
0.000000000000000000e+00
0.000000000000000000e+00
0.000000000000000000e+00
0.000000000000000000e+00
0.000000000000000000e+00
0.000000000000000000e+00
0.000000000000000000e+00
0.000000000000000000e+00
0.000000000000000000e+00
0.000000000000000000e+00
0.000000000000000000e+00
0.000000000000000000e+00
0.000000000000000000e+00
0.000000000000000000e+00
0.000000000000000000e+00
0.000000000000000000e+00
0.000000000000000000e+00
0.000000000000000000e+00
0.000000000000000000e+00
0.000000000000000000e+00
0.000000000000000000e+00
0.000000000000000000e+00
0.000000000000000000e+00
0.000000000000000000e+00
4.030000000000000000e+02
4.540000000000000000e+02
6.730000000000000000e+02
7.350000000000000000e+02
7.810000000000000000e+02
8.170000000000000000e+02
8.280000000000000000e+02
8.400000000000000000e+02
7.960000000000000000e+02
8.110000000000000000e+02
8.490000000000000000e+02
8.600000000000000000e+02
8.470000000000000000e+02
8.220000000000000000e+02
9.000000000000000000e+02
8.490000000000000000e+02
8.360000000000000000e+02
8.580000000000000000e+02
8.660000000000000000e+02
8.490000000000000000e+02
8.380000000000000000e+02
8.650000000000000000e+02
8.590000000000000000e+02
8.460000000000000000e+02
8.600000000000000000e+02
8.640000000000000000e+02
8.490000000000000000e+02
8.550000000000000000e+02
8.600000000000000000e+02
8.620000000000000000e+02
8.530000000000000000e+02
8.570000000000000000e+02
8.630000000000000000e+02
8.610000000000000000e+02
8.510000000000000000e+02
8.650000000000000000e+02
8.590000000000000000e+02
8.590000000000000000e+02
8.600000000000000000e+02
8.640000000000000000e+02
8.640000000000000000e+02
8.620000000000000000e+02
8.610000000000000000e+02
8.650000000000000000e+02
8.590000000000000000e+02
8.630000000000000000e+02
8.620000000000000000e+02
8.630000000000000000e+02
8.600000000000000000e+02
8.640000000000000000e+02
8.640000000000000000e+02
8.620000000000000000e+02
8.600000000000000000e+02
8.680000000000000000e+02
8.620000000000000000e+02
8.610000000000000000e+02
8.640000000000000000e+02
8.590000000000000000e+02
8.610000000000000000e+02
8.670000000000000000e+02
8.550000000000000000e+02
8.650000000000000000e+02
8.650000000000000000e+02
8.520000000000000000e+02
8.680000000000000000e+02
8.630000000000000000e+02
8.570000000000000000e+02
8.660000000000000000e+02
8.670000000000000000e+02
8.610000000000000000e+02
8.630000000000000000e+02
8.690000000000000000e+02
8.630000000000000000e+02
8.640000000000000000e+02
8.600000000000000000e+02
8.700000000000000000e+02
8.630000000000000000e+02
8.640000000000000000e+02
8.640000000000000000e+02
8.650000000000000000e+02
8.320000000000000000e+02
0.000000000000000000e+00
0.000000000000000000e+00
0.000000000000000000e+00
0.000000000000000000e+00
0.000000000000000000e+00
0.000000000000000000e+00
0.000000000000000000e+00
0.000000000000000000e+00
0.000000000000000000e+00
0.000000000000000000e+00
0.000000000000000000e+00
0.000000000000000000e+00
0.000000000000000000e+00
0.000000000000000000e+00
0.000000000000000000e+00
0.000000000000000000e+00
0.000000000000000000e+00
0.000000000000000000e+00
0.000000000000000000e+00
0.000000000000000000e+00
0.000000000000000000e+00
0.000000000000000000e+00
0.000000000000000000e+00
0.000000000000000000e+00
0.000000000000000000e+00
0.000000000000000000e+00
0.000000000000000000e+00
0.000000000000000000e+00
0.000000000000000000e+00
0.000000000000000000e+00
0.000000000000000000e+00
0.000000000000000000e+00
0.000000000000000000e+00
0.000000000000000000e+00
0.000000000000000000e+00
0.000000000000000000e+00
0.000000000000000000e+00
0.000000000000000000e+00
0.000000000000000000e+00
0.000000000000000000e+00
0.000000000000000000e+00
0.000000000000000000e+00
0.000000000000000000e+00
0.000000000000000000e+00
0.000000000000000000e+00
0.000000000000000000e+00
0.000000000000000000e+00
0.000000000000000000e+00
0.000000000000000000e+00
0.000000000000000000e+00
0.000000000000000000e+00
0.000000000000000000e+00
0.000000000000000000e+00
0.000000000000000000e+00
0.000000000000000000e+00
0.000000000000000000e+00
0.000000000000000000e+00
0.000000000000000000e+00
0.000000000000000000e+00
0.000000000000000000e+00
0.000000000000000000e+00
0.000000000000000000e+00
0.000000000000000000e+00
0.000000000000000000e+00
0.000000000000000000e+00
0.000000000000000000e+00
0.000000000000000000e+00
0.000000000000000000e+00
0.000000000000000000e+00
0.000000000000000000e+00
0.000000000000000000e+00
0.000000000000000000e+00
0.000000000000000000e+00
0.000000000000000000e+00
0.000000000000000000e+00
0.000000000000000000e+00
0.000000000000000000e+00
0.000000000000000000e+00
0.000000000000000000e+00
0.000000000000000000e+00
0.000000000000000000e+00
0.000000000000000000e+00
0.000000000000000000e+00
