0.000000000000000000e+00
0.000000000000000000e+00
0.000000000000000000e+00
0.000000000000000000e+00
0.000000000000000000e+00
0.000000000000000000e+00
0.000000000000000000e+00
0.000000000000000000e+00
0.000000000000000000e+00
0.000000000000000000e+00
0.000000000000000000e+00
0.000000000000000000e+00
0.000000000000000000e+00
0.000000000000000000e+00
0.000000000000000000e+00
0.000000000000000000e+00
0.000000000000000000e+00
0.000000000000000000e+00
0.000000000000000000e+00
0.000000000000000000e+00
0.000000000000000000e+00
0.000000000000000000e+00
0.000000000000000000e+00
1.050000000000000000e+02
0.000000000000000000e+00
1.450000000000000000e+02
1.850000000000000000e+02
2.620000000000000000e+02
5.110000000000000000e+02
5.920000000000000000e+02
6.800000000000000000e+02
7.860000000000000000e+02
8.420000000000000000e+02
8.610000000000000000e+02
8.720000000000000000e+02
8.850000000000000000e+02
8.920000000000000000e+02
8.990000000000000000e+02
9.050000000000000000e+02
9.040000000000000000e+02
9.060000000000000000e+02
9.040000000000000000e+02
9.080000000000000000e+02
9.080000000000000000e+02
9.090000000000000000e+02
9.090000000000000000e+02
9.090000000000000000e+02
9.110000000000000000e+02
9.110000000000000000e+02
9.100000000000000000e+02
9.120000000000000000e+02
9.120000000000000000e+02
9.120000000000000000e+02
9.120000000000000000e+02
9.130000000000000000e+02
9.120000000000000000e+02
9.140000000000000000e+02
9.130000000000000000e+02
9.140000000000000000e+02
9.140000000000000000e+02
9.130000000000000000e+02
9.140000000000000000e+02
9.150000000000000000e+02
9.140000000000000000e+02
9.140000000000000000e+02
9.150000000000000000e+02
9.150000000000000000e+02
9.150000000000000000e+02
9.150000000000000000e+02
9.150000000000000000e+02
9.160000000000000000e+02
9.150000000000000000e+02
9.160000000000000000e+02
9.160000000000000000e+02
9.160000000000000000e+02
9.160000000000000000e+02
9.160000000000000000e+02
9.160000000000000000e+02
9.160000000000000000e+02
9.160000000000000000e+02
9.160000000000000000e+02
9.170000000000000000e+02
9.150000000000000000e+02
9.170000000000000000e+02
9.160000000000000000e+02
9.170000000000000000e+02
9.170000000000000000e+02
9.160000000000000000e+02
9.170000000000000000e+02
9.170000000000000000e+02
9.160000000000000000e+02
9.170000000000000000e+02
9.170000000000000000e+02
9.170000000000000000e+02
9.160000000000000000e+02
9.170000000000000000e+02
9.170000000000000000e+02
9.170000000000000000e+02
9.170000000000000000e+02
9.160000000000000000e+02
9.170000000000000000e+02
9.180000000000000000e+02
9.160000000000000000e+02
9.170000000000000000e+02
9.170000000000000000e+02
9.170000000000000000e+02
9.180000000000000000e+02
9.170000000000000000e+02
9.170000000000000000e+02
9.170000000000000000e+02
9.170000000000000000e+02
9.180000000000000000e+02
9.170000000000000000e+02
9.180000000000000000e+02
9.170000000000000000e+02
9.170000000000000000e+02
9.170000000000000000e+02
9.170000000000000000e+02
9.170000000000000000e+02
8.900000000000000000e+02
2.350000000000000000e+02
0.000000000000000000e+00
0.000000000000000000e+00
0.000000000000000000e+00
0.000000000000000000e+00
0.000000000000000000e+00
0.000000000000000000e+00
0.000000000000000000e+00
0.000000000000000000e+00
0.000000000000000000e+00
0.000000000000000000e+00
0.000000000000000000e+00
0.000000000000000000e+00
0.000000000000000000e+00
0.000000000000000000e+00
0.000000000000000000e+00
0.000000000000000000e+00
0.000000000000000000e+00
0.000000000000000000e+00
0.000000000000000000e+00
0.000000000000000000e+00
0.000000000000000000e+00
0.000000000000000000e+00
0.000000000000000000e+00
0.000000000000000000e+00
0.000000000000000000e+00
0.000000000000000000e+00
0.000000000000000000e+00
0.000000000000000000e+00
0.000000000000000000e+00
0.000000000000000000e+00
0.000000000000000000e+00
0.000000000000000000e+00
0.000000000000000000e+00
0.000000000000000000e+00
0.000000000000000000e+00
0.000000000000000000e+00
0.000000000000000000e+00
0.000000000000000000e+00
0.000000000000000000e+00
0.000000000000000000e+00
0.000000000000000000e+00
0.000000000000000000e+00
0.000000000000000000e+00
0.000000000000000000e+00
0.000000000000000000e+00
0.000000000000000000e+00
0.000000000000000000e+00
0.000000000000000000e+00
0.000000000000000000e+00
0.000000000000000000e+00
0.000000000000000000e+00
0.000000000000000000e+00
0.000000000000000000e+00
0.000000000000000000e+00
0.000000000000000000e+00
0.000000000000000000e+00
0.000000000000000000e+00
0.000000000000000000e+00
0.000000000000000000e+00
0.000000000000000000e+00
0.000000000000000000e+00
0.000000000000000000e+00
0.000000000000000000e+00
0.000000000000000000e+00
0.000000000000000000e+00
0.000000000000000000e+00
0.000000000000000000e+00
0.000000000000000000e+00
0.000000000000000000e+00
0.000000000000000000e+00
0.000000000000000000e+00
0.000000000000000000e+00
0.000000000000000000e+00
3.850000000000000000e+02
2.380000000000000000e+02
4.600000000000000000e+02
6.790000000000000000e+02
6.990000000000000000e+02
7.310000000000000000e+02
7.560000000000000000e+02
7.770000000000000000e+02
7.930000000000000000e+02
8.040000000000000000e+02
8.070000000000000000e+02
7.810000000000000000e+02
7.470000000000000000e+02
7.780000000000000000e+02
7.740000000000000000e+02
7.650000000000000000e+02
7.700000000000000000e+02
7.900000000000000000e+02
7.630000000000000000e+02
7.810000000000000000e+02
7.750000000000000000e+02
7.850000000000000000e+02
7.660000000000000000e+02
7.870000000000000000e+02
7.720000000000000000e+02
7.790000000000000000e+02
7.770000000000000000e+02
7.840000000000000000e+02
7.710000000000000000e+02
7.850000000000000000e+02
7.810000000000000000e+02
7.800000000000000000e+02
7.770000000000000000e+02
7.850000000000000000e+02
7.820000000000000000e+02
7.780000000000000000e+02
7.840000000000000000e+02
7.860000000000000000e+02
7.760000000000000000e+02
7.850000000000000000e+02
7.820000000000000000e+02
7.810000000000000000e+02
7.810000000000000000e+02
7.920000000000000000e+02
7.740000000000000000e+02
7.860000000000000000e+02
7.800000000000000000e+02
7.850000000000000000e+02
7.820000000000000000e+02
7.860000000000000000e+02
7.810000000000000000e+02
7.890000000000000000e+02
7.840000000000000000e+02
7.810000000000000000e+02
7.910000000000000000e+02
7.580000000000000000e+02
5.940000000000000000e+02
0.000000000000000000e+00
0.000000000000000000e+00
0.000000000000000000e+00
0.000000000000000000e+00
0.000000000000000000e+00
0.000000000000000000e+00
0.000000000000000000e+00
0.000000000000000000e+00
0.000000000000000000e+00
0.000000000000000000e+00
0.000000000000000000e+00
0.000000000000000000e+00
0.000000000000000000e+00
0.000000000000000000e+00
0.000000000000000000e+00
0.000000000000000000e+00
0.000000000000000000e+00
0.000000000000000000e+00
0.000000000000000000e+00
0.000000000000000000e+00
0.000000000000000000e+00
0.000000000000000000e+00
0.000000000000000000e+00
0.000000000000000000e+00
0.000000000000000000e+00
0.000000000000000000e+00
0.000000000000000000e+00
0.000000000000000000e+00
0.000000000000000000e+00
0.000000000000000000e+00
0.000000000000000000e+00
0.000000000000000000e+00
0.000000000000000000e+00
0.000000000000000000e+00
0.000000000000000000e+00
0.000000000000000000e+00
0.000000000000000000e+00
0.000000000000000000e+00
0.000000000000000000e+00
0.000000000000000000e+00
0.000000000000000000e+00
0.000000000000000000e+00
0.000000000000000000e+00
0.000000000000000000e+00
0.000000000000000000e+00
0.000000000000000000e+00
0.000000000000000000e+00
0.000000000000000000e+00
0.000000000000000000e+00
