0.000000000000000000e+00
0.000000000000000000e+00
0.000000000000000000e+00
0.000000000000000000e+00
0.000000000000000000e+00
0.000000000000000000e+00
0.000000000000000000e+00
0.000000000000000000e+00
0.000000000000000000e+00
0.000000000000000000e+00
0.000000000000000000e+00
0.000000000000000000e+00
0.000000000000000000e+00
0.000000000000000000e+00
0.000000000000000000e+00
0.000000000000000000e+00
0.000000000000000000e+00
0.000000000000000000e+00
0.000000000000000000e+00
0.000000000000000000e+00
0.000000000000000000e+00
0.000000000000000000e+00
0.000000000000000000e+00
0.000000000000000000e+00
0.000000000000000000e+00
0.000000000000000000e+00
0.000000000000000000e+00
0.000000000000000000e+00
0.000000000000000000e+00
0.000000000000000000e+00
0.000000000000000000e+00
0.000000000000000000e+00
0.000000000000000000e+00
6.000000000000000000e+01
9.400000000000000000e+01
4.720000000000000000e+02
6.030000000000000000e+02
7.000000000000000000e+02
7.400000000000000000e+02
8.030000000000000000e+02
8.260000000000000000e+02
8.440000000000000000e+02
8.530000000000000000e+02
8.550000000000000000e+02
8.660000000000000000e+02
8.680000000000000000e+02
8.970000000000000000e+02
8.720000000000000000e+02
8.980000000000000000e+02
8.920000000000000000e+02
8.840000000000000000e+02
8.910000000000000000e+02
8.960000000000000000e+02
8.870000000000000000e+02
8.900000000000000000e+02
8.990000000000000000e+02
8.840000000000000000e+02
8.950000000000000000e+02
8.910000000000000000e+02
8.990000000000000000e+02
8.830000000000000000e+02
9.050000000000000000e+02
8.830000000000000000e+02
9.000000000000000000e+02
8.870000000000000000e+02
9.030000000000000000e+02
8.810000000000000000e+02
9.050000000000000000e+02
8.880000000000000000e+02
8.980000000000000000e+02
8.910000000000000000e+02
9.030000000000000000e+02
8.860000000000000000e+02
9.000000000000000000e+02
8.970000000000000000e+02
8.970000000000000000e+02
8.970000000000000000e+02
9.010000000000000000e+02
8.950000000000000000e+02
8.990000000000000000e+02
8.970000000000000000e+02
8.980000000000000000e+02
8.980000000000000000e+02
9.010000000000000000e+02
8.950000000000000000e+02
9.020000000000000000e+02
8.960000000000000000e+02
8.990000000000000000e+02
8.950000000000000000e+02
9.040000000000000000e+02
8.980000000000000000e+02
8.980000000000000000e+02
9.020000000000000000e+02
8.980000000000000000e+02
8.970000000000000000e+02
9.020000000000000000e+02
8.990000000000000000e+02
9.000000000000000000e+02
8.980000000000000000e+02
9.240000000000000000e+02
9.220000000000000000e+02
9.300000000000000000e+02
9.340000000000000000e+02
9.340000000000000000e+02
9.330000000000000000e+02
9.140000000000000000e+02
0.000000000000000000e+00
0.000000000000000000e+00
0.000000000000000000e+00
0.000000000000000000e+00
0.000000000000000000e+00
0.000000000000000000e+00
0.000000000000000000e+00
0.000000000000000000e+00
0.000000000000000000e+00
0.000000000000000000e+00
0.000000000000000000e+00
0.000000000000000000e+00
0.000000000000000000e+00
0.000000000000000000e+00
0.000000000000000000e+00
0.000000000000000000e+00
0.000000000000000000e+00
0.000000000000000000e+00
0.000000000000000000e+00
0.000000000000000000e+00
0.000000000000000000e+00
0.000000000000000000e+00
0.000000000000000000e+00
0.000000000000000000e+00
0.000000000000000000e+00
0.000000000000000000e+00
0.000000000000000000e+00
0.000000000000000000e+00
0.000000000000000000e+00
0.000000000000000000e+00
0.000000000000000000e+00
0.000000000000000000e+00
0.000000000000000000e+00
0.000000000000000000e+00
0.000000000000000000e+00
0.000000000000000000e+00
0.000000000000000000e+00
0.000000000000000000e+00
0.000000000000000000e+00
0.000000000000000000e+00
0.000000000000000000e+00
0.000000000000000000e+00
0.000000000000000000e+00
0.000000000000000000e+00
0.000000000000000000e+00
0.000000000000000000e+00
0.000000000000000000e+00
0.000000000000000000e+00
0.000000000000000000e+00
0.000000000000000000e+00
0.000000000000000000e+00
0.000000000000000000e+00
0.000000000000000000e+00
0.000000000000000000e+00
5.900000000000000000e+01
1.710000000000000000e+02
2.980000000000000000e+02
4.820000000000000000e+02
5.660000000000000000e+02
6.160000000000000000e+02
6.900000000000000000e+02
7.550000000000000000e+02
7.830000000000000000e+02
7.950000000000000000e+02
7.970000000000000000e+02
7.980000000000000000e+02
7.840000000000000000e+02
7.780000000000000000e+02
7.820000000000000000e+02
7.830000000000000000e+02
7.770000000000000000e+02
7.800000000000000000e+02
7.850000000000000000e+02
7.810000000000000000e+02
7.820000000000000000e+02
7.890000000000000000e+02
7.840000000000000000e+02
7.850000000000000000e+02
7.850000000000000000e+02
7.840000000000000000e+02
7.860000000000000000e+02
7.870000000000000000e+02
7.870000000000000000e+02
7.840000000000000000e+02
7.890000000000000000e+02
7.880000000000000000e+02
7.870000000000000000e+02
7.890000000000000000e+02
7.850000000000000000e+02
7.880000000000000000e+02
7.920000000000000000e+02
7.900000000000000000e+02
7.880000000000000000e+02
7.890000000000000000e+02
7.880000000000000000e+02
7.900000000000000000e+02
7.900000000000000000e+02
7.900000000000000000e+02
7.870000000000000000e+02
7.940000000000000000e+02
7.900000000000000000e+02
7.880000000000000000e+02
7.910000000000000000e+02
7.900000000000000000e+02
7.940000000000000000e+02
7.900000000000000000e+02
7.900000000000000000e+02
7.910000000000000000e+02
7.880000000000000000e+02
7.910000000000000000e+02
7.910000000000000000e+02
7.960000000000000000e+02
7.890000000000000000e+02
7.910000000000000000e+02
7.910000000000000000e+02
7.920000000000000000e+02
7.960000000000000000e+02
7.910000000000000000e+02
7.880000000000000000e+02
7.940000000000000000e+02
7.950000000000000000e+02
7.910000000000000000e+02
7.910000000000000000e+02
7.980000000000000000e+02
7.900000000000000000e+02
7.920000000000000000e+02
7.980000000000000000e+02
7.900000000000000000e+02
7.950000000000000000e+02
7.980000000000000000e+02
7.930000000000000000e+02
6.010000000000000000e+02
0.000000000000000000e+00
0.000000000000000000e+00
0.000000000000000000e+00
0.000000000000000000e+00
0.000000000000000000e+00
0.000000000000000000e+00
0.000000000000000000e+00
0.000000000000000000e+00
0.000000000000000000e+00
0.000000000000000000e+00
0.000000000000000000e+00
0.000000000000000000e+00
0.000000000000000000e+00
0.000000000000000000e+00
0.000000000000000000e+00
0.000000000000000000e+00
0.000000000000000000e+00
0.000000000000000000e+00
0.000000000000000000e+00
0.000000000000000000e+00
0.000000000000000000e+00
0.000000000000000000e+00
0.000000000000000000e+00
0.000000000000000000e+00
0.000000000000000000e+00
0.000000000000000000e+00
0.000000000000000000e+00
0.000000000000000000e+00
0.000000000000000000e+00
0.000000000000000000e+00
0.000000000000000000e+00
0.000000000000000000e+00
0.000000000000000000e+00
0.000000000000000000e+00
0.000000000000000000e+00
0.000000000000000000e+00
0.000000000000000000e+00
0.000000000000000000e+00
0.000000000000000000e+00
0.000000000000000000e+00
0.000000000000000000e+00
0.000000000000000000e+00
0.000000000000000000e+00
0.000000000000000000e+00
0.000000000000000000e+00
0.000000000000000000e+00
0.000000000000000000e+00
0.000000000000000000e+00
0.000000000000000000e+00
0.000000000000000000e+00
0.000000000000000000e+00
0.000000000000000000e+00
0.000000000000000000e+00
0.000000000000000000e+00
0.000000000000000000e+00
0.000000000000000000e+00
0.000000000000000000e+00
0.000000000000000000e+00
0.000000000000000000e+00
0.000000000000000000e+00
0.000000000000000000e+00
0.000000000000000000e+00
