0.000000000000000000e+00
0.000000000000000000e+00
0.000000000000000000e+00
0.000000000000000000e+00
0.000000000000000000e+00
0.000000000000000000e+00
0.000000000000000000e+00
0.000000000000000000e+00
0.000000000000000000e+00
0.000000000000000000e+00
0.000000000000000000e+00
0.000000000000000000e+00
0.000000000000000000e+00
0.000000000000000000e+00
0.000000000000000000e+00
0.000000000000000000e+00
0.000000000000000000e+00
0.000000000000000000e+00
0.000000000000000000e+00
0.000000000000000000e+00
0.000000000000000000e+00
0.000000000000000000e+00
0.000000000000000000e+00
0.000000000000000000e+00
0.000000000000000000e+00
0.000000000000000000e+00
8.700000000000000000e+01
1.970000000000000000e+02
3.340000000000000000e+02
3.300000000000000000e+02
4.820000000000000000e+02
5.080000000000000000e+02
6.230000000000000000e+02
5.960000000000000000e+02
5.270000000000000000e+02
6.130000000000000000e+02
6.610000000000000000e+02
6.950000000000000000e+02
7.410000000000000000e+02
7.640000000000000000e+02
7.980000000000000000e+02
8.350000000000000000e+02
8.540000000000000000e+02
8.640000000000000000e+02
8.620000000000000000e+02
8.710000000000000000e+02
8.740000000000000000e+02
8.760000000000000000e+02
8.740000000000000000e+02
8.840000000000000000e+02
8.970000000000000000e+02
8.860000000000000000e+02
8.930000000000000000e+02
8.960000000000000000e+02
8.940000000000000000e+02
8.900000000000000000e+02
9.010000000000000000e+02
8.960000000000000000e+02
8.970000000000000000e+02
9.000000000000000000e+02
8.960000000000000000e+02
8.980000000000000000e+02
9.000000000000000000e+02
8.970000000000000000e+02
9.000000000000000000e+02
9.020000000000000000e+02
8.970000000000000000e+02
9.020000000000000000e+02
9.010000000000000000e+02
8.990000000000000000e+02
9.010000000000000000e+02
9.010000000000000000e+02
8.980000000000000000e+02
9.020000000000000000e+02
9.000000000000000000e+02
8.950000000000000000e+02
8.980000000000000000e+02
8.920000000000000000e+02
9.050000000000000000e+02
8.930000000000000000e+02
9.070000000000000000e+02
8.930000000000000000e+02
9.080000000000000000e+02
8.960000000000000000e+02
9.020000000000000000e+02
9.060000000000000000e+02
9.000000000000000000e+02
9.030000000000000000e+02
8.980000000000000000e+02
9.100000000000000000e+02
8.910000000000000000e+02
9.120000000000000000e+02
8.940000000000000000e+02
9.110000000000000000e+02
9.000000000000000000e+02
9.080000000000000000e+02
8.990000000000000000e+02
9.100000000000000000e+02
9.040000000000000000e+02
9.050000000000000000e+02
9.090000000000000000e+02
9.060000000000000000e+02
9.060000000000000000e+02
9.060000000000000000e+02
9.090000000000000000e+02
9.030000000000000000e+02
9.080000000000000000e+02
9.080000000000000000e+02
9.040000000000000000e+02
9.110000000000000000e+02
9.060000000000000000e+02
9.070000000000000000e+02
9.060000000000000000e+02
9.080000000000000000e+02
9.080000000000000000e+02
9.060000000000000000e+02
9.110000000000000000e+02
9.010000000000000000e+02
9.010000000000000000e+02
8.920000000000000000e+02
8.970000000000000000e+02
8.800000000000000000e+02
4.510000000000000000e+02
0.000000000000000000e+00
0.000000000000000000e+00
0.000000000000000000e+00
0.000000000000000000e+00
0.000000000000000000e+00
0.000000000000000000e+00
0.000000000000000000e+00
0.000000000000000000e+00
0.000000000000000000e+00
0.000000000000000000e+00
0.000000000000000000e+00
0.000000000000000000e+00
0.000000000000000000e+00
0.000000000000000000e+00
0.000000000000000000e+00
0.000000000000000000e+00
0.000000000000000000e+00
0.000000000000000000e+00
0.000000000000000000e+00
0.000000000000000000e+00
0.000000000000000000e+00
0.000000000000000000e+00
0.000000000000000000e+00
0.000000000000000000e+00
0.000000000000000000e+00
0.000000000000000000e+00
0.000000000000000000e+00
0.000000000000000000e+00
0.000000000000000000e+00
0.000000000000000000e+00
0.000000000000000000e+00
0.000000000000000000e+00
0.000000000000000000e+00
0.000000000000000000e+00
0.000000000000000000e+00
0.000000000000000000e+00
0.000000000000000000e+00
0.000000000000000000e+00
0.000000000000000000e+00
0.000000000000000000e+00
0.000000000000000000e+00
8.400000000000000000e+01
0.000000000000000000e+00
3.600000000000000000e+01
4.000000000000000000e+02
5.200000000000000000e+02
5.370000000000000000e+02
5.710000000000000000e+02
5.440000000000000000e+02
5.690000000000000000e+02
6.330000000000000000e+02
7.480000000000000000e+02
7.610000000000000000e+02
7.920000000000000000e+02
7.960000000000000000e+02
7.870000000000000000e+02
7.800000000000000000e+02
8.040000000000000000e+02
7.910000000000000000e+02
8.000000000000000000e+02
8.040000000000000000e+02
8.030000000000000000e+02
8.030000000000000000e+02
8.100000000000000000e+02
8.060000000000000000e+02
7.990000000000000000e+02
8.110000000000000000e+02
8.090000000000000000e+02
7.990000000000000000e+02
8.120000000000000000e+02
8.100000000000000000e+02
8.060000000000000000e+02
8.130000000000000000e+02
8.110000000000000000e+02
8.060000000000000000e+02
8.130000000000000000e+02
8.130000000000000000e+02
8.070000000000000000e+02
8.130000000000000000e+02
8.120000000000000000e+02
8.090000000000000000e+02
8.120000000000000000e+02
8.130000000000000000e+02
8.040000000000000000e+02
8.130000000000000000e+02
8.130000000000000000e+02
8.100000000000000000e+02
8.120000000000000000e+02
8.130000000000000000e+02
8.120000000000000000e+02
8.120000000000000000e+02
8.150000000000000000e+02
8.040000000000000000e+02
8.140000000000000000e+02
8.150000000000000000e+02
8.080000000000000000e+02
8.140000000000000000e+02
8.140000000000000000e+02
8.110000000000000000e+02
8.120000000000000000e+02
8.140000000000000000e+02
8.110000000000000000e+02
8.130000000000000000e+02
8.160000000000000000e+02
8.110000000000000000e+02
8.140000000000000000e+02
8.140000000000000000e+02
8.110000000000000000e+02
8.130000000000000000e+02
8.160000000000000000e+02
8.110000000000000000e+02
8.140000000000000000e+02
8.160000000000000000e+02
8.110000000000000000e+02
8.150000000000000000e+02
7.850000000000000000e+02
0.000000000000000000e+00
0.000000000000000000e+00
0.000000000000000000e+00
0.000000000000000000e+00
0.000000000000000000e+00
0.000000000000000000e+00
0.000000000000000000e+00
0.000000000000000000e+00
0.000000000000000000e+00
0.000000000000000000e+00
0.000000000000000000e+00
0.000000000000000000e+00
0.000000000000000000e+00
0.000000000000000000e+00
0.000000000000000000e+00
0.000000000000000000e+00
0.000000000000000000e+00
0.000000000000000000e+00
0.000000000000000000e+00
0.000000000000000000e+00
0.000000000000000000e+00
0.000000000000000000e+00
0.000000000000000000e+00
0.000000000000000000e+00
0.000000000000000000e+00
0.000000000000000000e+00
0.000000000000000000e+00
0.000000000000000000e+00
0.000000000000000000e+00
0.000000000000000000e+00
0.000000000000000000e+00
0.000000000000000000e+00
0.000000000000000000e+00
0.000000000000000000e+00
0.000000000000000000e+00
0.000000000000000000e+00
0.000000000000000000e+00
0.000000000000000000e+00
0.000000000000000000e+00
0.000000000000000000e+00
0.000000000000000000e+00
0.000000000000000000e+00
0.000000000000000000e+00
0.000000000000000000e+00
0.000000000000000000e+00
0.000000000000000000e+00
0.000000000000000000e+00
0.000000000000000000e+00
0.000000000000000000e+00
0.000000000000000000e+00
0.000000000000000000e+00
0.000000000000000000e+00
0.000000000000000000e+00
0.000000000000000000e+00
0.000000000000000000e+00
0.000000000000000000e+00
0.000000000000000000e+00
0.000000000000000000e+00
0.000000000000000000e+00
0.000000000000000000e+00
0.000000000000000000e+00
