0.000000000000000000e+00
0.000000000000000000e+00
0.000000000000000000e+00
0.000000000000000000e+00
0.000000000000000000e+00
0.000000000000000000e+00
0.000000000000000000e+00
0.000000000000000000e+00
0.000000000000000000e+00
0.000000000000000000e+00
0.000000000000000000e+00
0.000000000000000000e+00
0.000000000000000000e+00
0.000000000000000000e+00
0.000000000000000000e+00
0.000000000000000000e+00
0.000000000000000000e+00
0.000000000000000000e+00
0.000000000000000000e+00
0.000000000000000000e+00
0.000000000000000000e+00
0.000000000000000000e+00
0.000000000000000000e+00
0.000000000000000000e+00
0.000000000000000000e+00
0.000000000000000000e+00
0.000000000000000000e+00
0.000000000000000000e+00
0.000000000000000000e+00
0.000000000000000000e+00
0.000000000000000000e+00
0.000000000000000000e+00
0.000000000000000000e+00
2.000000000000000000e+01
7.000000000000000000e+01
2.740000000000000000e+02
4.400000000000000000e+02
5.170000000000000000e+02
5.510000000000000000e+02
6.100000000000000000e+02
6.530000000000000000e+02
7.360000000000000000e+02
8.160000000000000000e+02
8.270000000000000000e+02
8.410000000000000000e+02
8.470000000000000000e+02
8.510000000000000000e+02
8.540000000000000000e+02
8.540000000000000000e+02
8.740000000000000000e+02
8.720000000000000000e+02
8.750000000000000000e+02
8.580000000000000000e+02
9.000000000000000000e+02
8.660000000000000000e+02
8.660000000000000000e+02
8.890000000000000000e+02
8.790000000000000000e+02
8.770000000000000000e+02
8.780000000000000000e+02
8.920000000000000000e+02
8.680000000000000000e+02
8.860000000000000000e+02
8.820000000000000000e+02
8.810000000000000000e+02
8.770000000000000000e+02
8.910000000000000000e+02
8.760000000000000000e+02
8.830000000000000000e+02
8.830000000000000000e+02
8.860000000000000000e+02
8.770000000000000000e+02
8.900000000000000000e+02
8.800000000000000000e+02
8.840000000000000000e+02
8.820000000000000000e+02
8.880000000000000000e+02
8.790000000000000000e+02
8.880000000000000000e+02
8.820000000000000000e+02
8.860000000000000000e+02
8.840000000000000000e+02
8.880000000000000000e+02
8.820000000000000000e+02
8.870000000000000000e+02
8.870000000000000000e+02
8.850000000000000000e+02
8.880000000000000000e+02
8.860000000000000000e+02
8.870000000000000000e+02
8.870000000000000000e+02
8.870000000000000000e+02
8.850000000000000000e+02
8.880000000000000000e+02
8.880000000000000000e+02
8.890000000000000000e+02
8.860000000000000000e+02
8.880000000000000000e+02
8.860000000000000000e+02
8.880000000000000000e+02
8.880000000000000000e+02
8.880000000000000000e+02
8.890000000000000000e+02
8.890000000000000000e+02
8.890000000000000000e+02
8.880000000000000000e+02
8.890000000000000000e+02
8.890000000000000000e+02
8.880000000000000000e+02
8.690000000000000000e+02
7.490000000000000000e+02
6.300000000000000000e+01
0.000000000000000000e+00
0.000000000000000000e+00
0.000000000000000000e+00
0.000000000000000000e+00
0.000000000000000000e+00
0.000000000000000000e+00
0.000000000000000000e+00
0.000000000000000000e+00
0.000000000000000000e+00
0.000000000000000000e+00
0.000000000000000000e+00
0.000000000000000000e+00
0.000000000000000000e+00
0.000000000000000000e+00
0.000000000000000000e+00
0.000000000000000000e+00
0.000000000000000000e+00
0.000000000000000000e+00
0.000000000000000000e+00
0.000000000000000000e+00
0.000000000000000000e+00
0.000000000000000000e+00
0.000000000000000000e+00
0.000000000000000000e+00
0.000000000000000000e+00
0.000000000000000000e+00
0.000000000000000000e+00
0.000000000000000000e+00
0.000000000000000000e+00
0.000000000000000000e+00
0.000000000000000000e+00
0.000000000000000000e+00
0.000000000000000000e+00
0.000000000000000000e+00
0.000000000000000000e+00
0.000000000000000000e+00
0.000000000000000000e+00
0.000000000000000000e+00
0.000000000000000000e+00
5.600000000000000000e+01
1.990000000000000000e+02
3.120000000000000000e+02
4.480000000000000000e+02
5.890000000000000000e+02
6.060000000000000000e+02
7.040000000000000000e+02
7.790000000000000000e+02
8.220000000000000000e+02
7.860000000000000000e+02
7.940000000000000000e+02
8.430000000000000000e+02
8.450000000000000000e+02
8.470000000000000000e+02
8.540000000000000000e+02
8.840000000000000000e+02
8.600000000000000000e+02
8.520000000000000000e+02
8.570000000000000000e+02
8.560000000000000000e+02
8.810000000000000000e+02
8.550000000000000000e+02
8.580000000000000000e+02
8.650000000000000000e+02
8.750000000000000000e+02
8.610000000000000000e+02
8.570000000000000000e+02
8.720000000000000000e+02
8.690000000000000000e+02
8.660000000000000000e+02
8.670000000000000000e+02
8.700000000000000000e+02
8.740000000000000000e+02
8.630000000000000000e+02
8.710000000000000000e+02
8.700000000000000000e+02
8.670000000000000000e+02
8.710000000000000000e+02
8.690000000000000000e+02
8.730000000000000000e+02
8.640000000000000000e+02
8.710000000000000000e+02
8.690000000000000000e+02
8.720000000000000000e+02
8.700000000000000000e+02
8.720000000000000000e+02
8.730000000000000000e+02
8.690000000000000000e+02
8.730000000000000000e+02
8.740000000000000000e+02
8.730000000000000000e+02
8.710000000000000000e+02
8.730000000000000000e+02
8.740000000000000000e+02
8.720000000000000000e+02
8.740000000000000000e+02
8.740000000000000000e+02
8.740000000000000000e+02
8.730000000000000000e+02
8.740000000000000000e+02
8.740000000000000000e+02
8.750000000000000000e+02
8.740000000000000000e+02
8.740000000000000000e+02
8.730000000000000000e+02
8.750000000000000000e+02
8.750000000000000000e+02
8.750000000000000000e+02
8.740000000000000000e+02
8.750000000000000000e+02
8.750000000000000000e+02
8.750000000000000000e+02
8.770000000000000000e+02
8.740000000000000000e+02
8.750000000000000000e+02
8.750000000000000000e+02
8.740000000000000000e+02
8.600000000000000000e+02
7.160000000000000000e+02
7.400000000000000000e+01
0.000000000000000000e+00
0.000000000000000000e+00
0.000000000000000000e+00
0.000000000000000000e+00
0.000000000000000000e+00
0.000000000000000000e+00
0.000000000000000000e+00
0.000000000000000000e+00
0.000000000000000000e+00
0.000000000000000000e+00
0.000000000000000000e+00
0.000000000000000000e+00
0.000000000000000000e+00
0.000000000000000000e+00
0.000000000000000000e+00
0.000000000000000000e+00
0.000000000000000000e+00
0.000000000000000000e+00
0.000000000000000000e+00
0.000000000000000000e+00
0.000000000000000000e+00
0.000000000000000000e+00
0.000000000000000000e+00
0.000000000000000000e+00
0.000000000000000000e+00
0.000000000000000000e+00
0.000000000000000000e+00
0.000000000000000000e+00
0.000000000000000000e+00
0.000000000000000000e+00
0.000000000000000000e+00
0.000000000000000000e+00
0.000000000000000000e+00
0.000000000000000000e+00
0.000000000000000000e+00
0.000000000000000000e+00
0.000000000000000000e+00
0.000000000000000000e+00
0.000000000000000000e+00
0.000000000000000000e+00
0.000000000000000000e+00
0.000000000000000000e+00
0.000000000000000000e+00
0.000000000000000000e+00
0.000000000000000000e+00
0.000000000000000000e+00
0.000000000000000000e+00
0.000000000000000000e+00
0.000000000000000000e+00
0.000000000000000000e+00
0.000000000000000000e+00
0.000000000000000000e+00
0.000000000000000000e+00
0.000000000000000000e+00
0.000000000000000000e+00
0.000000000000000000e+00
0.000000000000000000e+00
0.000000000000000000e+00
0.000000000000000000e+00
0.000000000000000000e+00
0.000000000000000000e+00
0.000000000000000000e+00
0.000000000000000000e+00
0.000000000000000000e+00
0.000000000000000000e+00
0.000000000000000000e+00
0.000000000000000000e+00
0.000000000000000000e+00
0.000000000000000000e+00
