0.000000000000000000e+00
0.000000000000000000e+00
0.000000000000000000e+00
0.000000000000000000e+00
0.000000000000000000e+00
0.000000000000000000e+00
0.000000000000000000e+00
0.000000000000000000e+00
0.000000000000000000e+00
0.000000000000000000e+00
0.000000000000000000e+00
0.000000000000000000e+00
0.000000000000000000e+00
0.000000000000000000e+00
0.000000000000000000e+00
0.000000000000000000e+00
0.000000000000000000e+00
0.000000000000000000e+00
0.000000000000000000e+00
0.000000000000000000e+00
0.000000000000000000e+00
0.000000000000000000e+00
0.000000000000000000e+00
0.000000000000000000e+00
0.000000000000000000e+00
0.000000000000000000e+00
0.000000000000000000e+00
0.000000000000000000e+00
0.000000000000000000e+00
0.000000000000000000e+00
0.000000000000000000e+00
0.000000000000000000e+00
0.000000000000000000e+00
0.000000000000000000e+00
0.000000000000000000e+00
0.000000000000000000e+00
0.000000000000000000e+00
0.000000000000000000e+00
0.000000000000000000e+00
0.000000000000000000e+00
1.940000000000000000e+02
5.650000000000000000e+02
6.720000000000000000e+02
7.540000000000000000e+02
8.010000000000000000e+02
8.320000000000000000e+02
8.630000000000000000e+02
8.870000000000000000e+02
8.920000000000000000e+02
8.580000000000000000e+02
8.680000000000000000e+02
8.710000000000000000e+02
8.620000000000000000e+02
8.710000000000000000e+02
8.600000000000000000e+02
8.940000000000000000e+02
8.670000000000000000e+02
8.660000000000000000e+02
8.920000000000000000e+02
8.710000000000000000e+02
8.690000000000000000e+02
8.750000000000000000e+02
8.870000000000000000e+02
8.680000000000000000e+02
8.790000000000000000e+02
8.800000000000000000e+02
8.720000000000000000e+02
8.790000000000000000e+02
8.820000000000000000e+02
8.760000000000000000e+02
8.730000000000000000e+02
8.880000000000000000e+02
8.730000000000000000e+02
8.800000000000000000e+02
8.770000000000000000e+02
8.830000000000000000e+02
8.730000000000000000e+02
8.840000000000000000e+02
8.770000000000000000e+02
8.800000000000000000e+02
8.780000000000000000e+02
8.840000000000000000e+02
8.720000000000000000e+02
8.790000000000000000e+02
8.770000000000000000e+02
8.830000000000000000e+02
8.760000000000000000e+02
8.880000000000000000e+02
8.750000000000000000e+02
8.840000000000000000e+02
8.770000000000000000e+02
8.870000000000000000e+02
8.710000000000000000e+02
8.870000000000000000e+02
8.780000000000000000e+02
8.810000000000000000e+02
8.760000000000000000e+02
8.860000000000000000e+02
8.800000000000000000e+02
8.830000000000000000e+02
8.830000000000000000e+02
8.840000000000000000e+02
8.940000000000000000e+02
8.740000000000000000e+02
8.780000000000000000e+02
8.760000000000000000e+02
8.620000000000000000e+02
4.350000000000000000e+02
0.000000000000000000e+00
9.000000000000000000e+00
0.000000000000000000e+00
0.000000000000000000e+00
0.000000000000000000e+00
0.000000000000000000e+00
0.000000000000000000e+00
0.000000000000000000e+00
0.000000000000000000e+00
0.000000000000000000e+00
0.000000000000000000e+00
0.000000000000000000e+00
0.000000000000000000e+00
0.000000000000000000e+00
0.000000000000000000e+00
0.000000000000000000e+00
0.000000000000000000e+00
0.000000000000000000e+00
0.000000000000000000e+00
0.000000000000000000e+00
0.000000000000000000e+00
0.000000000000000000e+00
0.000000000000000000e+00
0.000000000000000000e+00
0.000000000000000000e+00
0.000000000000000000e+00
0.000000000000000000e+00
0.000000000000000000e+00
0.000000000000000000e+00
0.000000000000000000e+00
0.000000000000000000e+00
0.000000000000000000e+00
0.000000000000000000e+00
0.000000000000000000e+00
0.000000000000000000e+00
0.000000000000000000e+00
0.000000000000000000e+00
0.000000000000000000e+00
0.000000000000000000e+00
0.000000000000000000e+00
0.000000000000000000e+00
0.000000000000000000e+00
0.000000000000000000e+00
0.000000000000000000e+00
4.400000000000000000e+01
7.200000000000000000e+01
3.910000000000000000e+02
7.670000000000000000e+02
8.160000000000000000e+02
8.310000000000000000e+02
8.400000000000000000e+02
8.430000000000000000e+02
8.450000000000000000e+02
8.480000000000000000e+02
8.530000000000000000e+02
8.490000000000000000e+02
8.560000000000000000e+02
8.550000000000000000e+02
8.510000000000000000e+02
8.600000000000000000e+02
8.560000000000000000e+02
8.560000000000000000e+02
8.610000000000000000e+02
8.590000000000000000e+02
8.620000000000000000e+02
8.560000000000000000e+02
8.610000000000000000e+02
8.610000000000000000e+02
8.630000000000000000e+02
8.600000000000000000e+02
8.610000000000000000e+02
8.630000000000000000e+02
8.620000000000000000e+02
8.620000000000000000e+02
8.640000000000000000e+02
8.640000000000000000e+02
8.630000000000000000e+02
8.640000000000000000e+02
8.650000000000000000e+02
8.660000000000000000e+02
8.620000000000000000e+02
8.640000000000000000e+02
8.650000000000000000e+02
8.650000000000000000e+02
8.650000000000000000e+02
8.660000000000000000e+02
8.650000000000000000e+02
8.620000000000000000e+02
8.650000000000000000e+02
8.650000000000000000e+02
8.650000000000000000e+02
8.630000000000000000e+02
8.670000000000000000e+02
8.650000000000000000e+02
8.650000000000000000e+02
8.660000000000000000e+02
8.660000000000000000e+02
8.660000000000000000e+02
8.610000000000000000e+02
8.630000000000000000e+02
8.670000000000000000e+02
8.690000000000000000e+02
8.670000000000000000e+02
8.660000000000000000e+02
8.480000000000000000e+02
8.520000000000000000e+02
8.300000000000000000e+02
6.000000000000000000e+00
0.000000000000000000e+00
0.000000000000000000e+00
0.000000000000000000e+00
0.000000000000000000e+00
0.000000000000000000e+00
0.000000000000000000e+00
0.000000000000000000e+00
0.000000000000000000e+00
0.000000000000000000e+00
0.000000000000000000e+00
0.000000000000000000e+00
0.000000000000000000e+00
0.000000000000000000e+00
0.000000000000000000e+00
0.000000000000000000e+00
0.000000000000000000e+00
0.000000000000000000e+00
0.000000000000000000e+00
0.000000000000000000e+00
0.000000000000000000e+00
0.000000000000000000e+00
0.000000000000000000e+00
0.000000000000000000e+00
0.000000000000000000e+00
0.000000000000000000e+00
0.000000000000000000e+00
0.000000000000000000e+00
0.000000000000000000e+00
0.000000000000000000e+00
0.000000000000000000e+00
0.000000000000000000e+00
0.000000000000000000e+00
0.000000000000000000e+00
0.000000000000000000e+00
0.000000000000000000e+00
0.000000000000000000e+00
0.000000000000000000e+00
0.000000000000000000e+00
0.000000000000000000e+00
0.000000000000000000e+00
0.000000000000000000e+00
0.000000000000000000e+00
0.000000000000000000e+00
0.000000000000000000e+00
0.000000000000000000e+00
0.000000000000000000e+00
0.000000000000000000e+00
0.000000000000000000e+00
0.000000000000000000e+00
0.000000000000000000e+00
0.000000000000000000e+00
0.000000000000000000e+00
0.000000000000000000e+00
0.000000000000000000e+00
0.000000000000000000e+00
0.000000000000000000e+00
0.000000000000000000e+00
0.000000000000000000e+00
0.000000000000000000e+00
0.000000000000000000e+00
0.000000000000000000e+00
0.000000000000000000e+00
0.000000000000000000e+00
0.000000000000000000e+00
0.000000000000000000e+00
0.000000000000000000e+00
0.000000000000000000e+00
0.000000000000000000e+00
0.000000000000000000e+00
0.000000000000000000e+00
0.000000000000000000e+00
0.000000000000000000e+00
0.000000000000000000e+00
0.000000000000000000e+00
0.000000000000000000e+00
0.000000000000000000e+00
0.000000000000000000e+00
0.000000000000000000e+00
0.000000000000000000e+00
0.000000000000000000e+00
0.000000000000000000e+00
0.000000000000000000e+00
0.000000000000000000e+00
0.000000000000000000e+00
