0.000000000000000000e+00
0.000000000000000000e+00
0.000000000000000000e+00
0.000000000000000000e+00
0.000000000000000000e+00
0.000000000000000000e+00
0.000000000000000000e+00
0.000000000000000000e+00
0.000000000000000000e+00
0.000000000000000000e+00
0.000000000000000000e+00
0.000000000000000000e+00
0.000000000000000000e+00
0.000000000000000000e+00
4.670000000000000000e+02
7.450000000000000000e+02
7.980000000000000000e+02
7.960000000000000000e+02
8.020000000000000000e+02
8.250000000000000000e+02
8.570000000000000000e+02
8.600000000000000000e+02
8.830000000000000000e+02
8.880000000000000000e+02
8.960000000000000000e+02
8.820000000000000000e+02
8.780000000000000000e+02
9.130000000000000000e+02
8.690000000000000000e+02
8.980000000000000000e+02
9.020000000000000000e+02
8.980000000000000000e+02
8.820000000000000000e+02
9.100000000000000000e+02
8.890000000000000000e+02
8.920000000000000000e+02
9.050000000000000000e+02
8.970000000000000000e+02
8.910000000000000000e+02
9.060000000000000000e+02
9.010000000000000000e+02
8.890000000000000000e+02
9.070000000000000000e+02
8.960000000000000000e+02
8.990000000000000000e+02
9.060000000000000000e+02
9.020000000000000000e+02
8.980000000000000000e+02
9.050000000000000000e+02
8.990000000000000000e+02
8.980000000000000000e+02
9.070000000000000000e+02
8.970000000000000000e+02
9.050000000000000000e+02
9.040000000000000000e+02
9.010000000000000000e+02
9.030000000000000000e+02
9.060000000000000000e+02
8.970000000000000000e+02
9.060000000000000000e+02
9.050000000000000000e+02
8.990000000000000000e+02
9.050000000000000000e+02
9.050000000000000000e+02
8.980000000000000000e+02
9.070000000000000000e+02
9.060000000000000000e+02
9.000000000000000000e+02
9.060000000000000000e+02
9.030000000000000000e+02
9.050000000000000000e+02
9.050000000000000000e+02
9.050000000000000000e+02
8.960000000000000000e+02
9.090000000000000000e+02
8.970000000000000000e+02
9.070000000000000000e+02
8.960000000000000000e+02
9.130000000000000000e+02
8.850000000000000000e+02
9.150000000000000000e+02
8.870000000000000000e+02
9.130000000000000000e+02
8.870000000000000000e+02
9.150000000000000000e+02
9.100000000000000000e+02
8.980000000000000000e+02
9.050000000000000000e+02
9.260000000000000000e+02
8.330000000000000000e+02
2.700000000000000000e+01
0.000000000000000000e+00
0.000000000000000000e+00
0.000000000000000000e+00
0.000000000000000000e+00
0.000000000000000000e+00
0.000000000000000000e+00
0.000000000000000000e+00
0.000000000000000000e+00
0.000000000000000000e+00
0.000000000000000000e+00
0.000000000000000000e+00
0.000000000000000000e+00
0.000000000000000000e+00
0.000000000000000000e+00
0.000000000000000000e+00
0.000000000000000000e+00
0.000000000000000000e+00
0.000000000000000000e+00
0.000000000000000000e+00
0.000000000000000000e+00
0.000000000000000000e+00
0.000000000000000000e+00
0.000000000000000000e+00
0.000000000000000000e+00
0.000000000000000000e+00
0.000000000000000000e+00
8.200000000000000000e+01
6.400000000000000000e+01
1.490000000000000000e+02
2.300000000000000000e+02
4.290000000000000000e+02
7.380000000000000000e+02
7.440000000000000000e+02
7.360000000000000000e+02
7.350000000000000000e+02
7.820000000000000000e+02
8.250000000000000000e+02
8.400000000000000000e+02
8.920000000000000000e+02
8.850000000000000000e+02
8.840000000000000000e+02
8.940000000000000000e+02
9.020000000000000000e+02
9.020000000000000000e+02
8.960000000000000000e+02
8.970000000000000000e+02
9.030000000000000000e+02
8.980000000000000000e+02
9.030000000000000000e+02
9.030000000000000000e+02
9.000000000000000000e+02
9.040000000000000000e+02
9.050000000000000000e+02
9.020000000000000000e+02
9.040000000000000000e+02
9.040000000000000000e+02
9.050000000000000000e+02
9.040000000000000000e+02
9.070000000000000000e+02
9.040000000000000000e+02
9.060000000000000000e+02
9.060000000000000000e+02
9.060000000000000000e+02
9.040000000000000000e+02
9.060000000000000000e+02
9.060000000000000000e+02
9.040000000000000000e+02
9.070000000000000000e+02
9.070000000000000000e+02
9.050000000000000000e+02
9.070000000000000000e+02
9.070000000000000000e+02
9.060000000000000000e+02
9.070000000000000000e+02
9.070000000000000000e+02
9.060000000000000000e+02
9.070000000000000000e+02
9.070000000000000000e+02
9.060000000000000000e+02
9.060000000000000000e+02
9.070000000000000000e+02
9.070000000000000000e+02
9.070000000000000000e+02
9.080000000000000000e+02
9.080000000000000000e+02
9.080000000000000000e+02
9.080000000000000000e+02
9.080000000000000000e+02
9.070000000000000000e+02
9.080000000000000000e+02
9.090000000000000000e+02
9.080000000000000000e+02
9.070000000000000000e+02
9.090000000000000000e+02
9.080000000000000000e+02
9.090000000000000000e+02
9.090000000000000000e+02
9.090000000000000000e+02
9.080000000000000000e+02
9.090000000000000000e+02
9.090000000000000000e+02
9.080000000000000000e+02
9.090000000000000000e+02
9.080000000000000000e+02
9.070000000000000000e+02
9.090000000000000000e+02
9.100000000000000000e+02
9.090000000000000000e+02
9.090000000000000000e+02
9.070000000000000000e+02
9.060000000000000000e+02
8.750000000000000000e+02
0.000000000000000000e+00
0.000000000000000000e+00
0.000000000000000000e+00
0.000000000000000000e+00
0.000000000000000000e+00
0.000000000000000000e+00
0.000000000000000000e+00
0.000000000000000000e+00
0.000000000000000000e+00
0.000000000000000000e+00
0.000000000000000000e+00
0.000000000000000000e+00
0.000000000000000000e+00
0.000000000000000000e+00
0.000000000000000000e+00
0.000000000000000000e+00
0.000000000000000000e+00
0.000000000000000000e+00
0.000000000000000000e+00
0.000000000000000000e+00
0.000000000000000000e+00
0.000000000000000000e+00
0.000000000000000000e+00
0.000000000000000000e+00
0.000000000000000000e+00
0.000000000000000000e+00
0.000000000000000000e+00
0.000000000000000000e+00
0.000000000000000000e+00
0.000000000000000000e+00
0.000000000000000000e+00
0.000000000000000000e+00
0.000000000000000000e+00
0.000000000000000000e+00
0.000000000000000000e+00
0.000000000000000000e+00
0.000000000000000000e+00
0.000000000000000000e+00
0.000000000000000000e+00
0.000000000000000000e+00
0.000000000000000000e+00
0.000000000000000000e+00
0.000000000000000000e+00
0.000000000000000000e+00
0.000000000000000000e+00
0.000000000000000000e+00
0.000000000000000000e+00
0.000000000000000000e+00
0.000000000000000000e+00
0.000000000000000000e+00
0.000000000000000000e+00
0.000000000000000000e+00
0.000000000000000000e+00
0.000000000000000000e+00
0.000000000000000000e+00
0.000000000000000000e+00
0.000000000000000000e+00
0.000000000000000000e+00
0.000000000000000000e+00
0.000000000000000000e+00
0.000000000000000000e+00
0.000000000000000000e+00
0.000000000000000000e+00
0.000000000000000000e+00
0.000000000000000000e+00
0.000000000000000000e+00
0.000000000000000000e+00
0.000000000000000000e+00
0.000000000000000000e+00
0.000000000000000000e+00
0.000000000000000000e+00
0.000000000000000000e+00
0.000000000000000000e+00
0.000000000000000000e+00
0.000000000000000000e+00
0.000000000000000000e+00
0.000000000000000000e+00
0.000000000000000000e+00
0.000000000000000000e+00
0.000000000000000000e+00
0.000000000000000000e+00
0.000000000000000000e+00
0.000000000000000000e+00
0.000000000000000000e+00
0.000000000000000000e+00
0.000000000000000000e+00
0.000000000000000000e+00
0.000000000000000000e+00
0.000000000000000000e+00
0.000000000000000000e+00
0.000000000000000000e+00
0.000000000000000000e+00
0.000000000000000000e+00
0.000000000000000000e+00
0.000000000000000000e+00
0.000000000000000000e+00
0.000000000000000000e+00
