0.000000000000000000e+00
0.000000000000000000e+00
0.000000000000000000e+00
0.000000000000000000e+00
0.000000000000000000e+00
0.000000000000000000e+00
0.000000000000000000e+00
0.000000000000000000e+00
0.000000000000000000e+00
0.000000000000000000e+00
0.000000000000000000e+00
0.000000000000000000e+00
0.000000000000000000e+00
0.000000000000000000e+00
0.000000000000000000e+00
0.000000000000000000e+00
0.000000000000000000e+00
0.000000000000000000e+00
0.000000000000000000e+00
0.000000000000000000e+00
0.000000000000000000e+00
2.080000000000000000e+02
2.850000000000000000e+02
5.650000000000000000e+02
7.230000000000000000e+02
8.240000000000000000e+02
8.210000000000000000e+02
8.290000000000000000e+02
8.330000000000000000e+02
8.430000000000000000e+02
8.440000000000000000e+02
8.420000000000000000e+02
8.450000000000000000e+02
8.490000000000000000e+02
8.510000000000000000e+02
8.520000000000000000e+02
8.550000000000000000e+02
8.530000000000000000e+02
8.530000000000000000e+02
8.510000000000000000e+02
8.520000000000000000e+02
8.620000000000000000e+02
8.620000000000000000e+02
8.580000000000000000e+02
8.600000000000000000e+02
8.630000000000000000e+02
8.620000000000000000e+02
8.650000000000000000e+02
8.630000000000000000e+02
8.640000000000000000e+02
8.650000000000000000e+02
8.650000000000000000e+02
8.660000000000000000e+02
8.670000000000000000e+02
8.670000000000000000e+02
8.660000000000000000e+02
8.660000000000000000e+02
8.670000000000000000e+02
8.660000000000000000e+02
8.670000000000000000e+02
8.680000000000000000e+02
8.670000000000000000e+02
8.680000000000000000e+02
8.680000000000000000e+02
8.680000000000000000e+02
8.670000000000000000e+02
8.680000000000000000e+02
8.690000000000000000e+02
8.680000000000000000e+02
8.690000000000000000e+02
8.670000000000000000e+02
8.690000000000000000e+02
8.680000000000000000e+02
8.680000000000000000e+02
8.670000000000000000e+02
8.680000000000000000e+02
8.680000000000000000e+02
8.680000000000000000e+02
8.630000000000000000e+02
8.610000000000000000e+02
7.590000000000000000e+02
0.000000000000000000e+00
0.000000000000000000e+00
0.000000000000000000e+00
0.000000000000000000e+00
0.000000000000000000e+00
0.000000000000000000e+00
0.000000000000000000e+00
0.000000000000000000e+00
0.000000000000000000e+00
0.000000000000000000e+00
0.000000000000000000e+00
0.000000000000000000e+00
0.000000000000000000e+00
0.000000000000000000e+00
0.000000000000000000e+00
0.000000000000000000e+00
0.000000000000000000e+00
0.000000000000000000e+00
0.000000000000000000e+00
0.000000000000000000e+00
0.000000000000000000e+00
0.000000000000000000e+00
0.000000000000000000e+00
0.000000000000000000e+00
0.000000000000000000e+00
0.000000000000000000e+00
0.000000000000000000e+00
0.000000000000000000e+00
0.000000000000000000e+00
0.000000000000000000e+00
0.000000000000000000e+00
0.000000000000000000e+00
0.000000000000000000e+00
0.000000000000000000e+00
0.000000000000000000e+00
1.940000000000000000e+02
4.430000000000000000e+02
6.440000000000000000e+02
7.660000000000000000e+02
8.220000000000000000e+02
8.520000000000000000e+02
8.890000000000000000e+02
8.420000000000000000e+02
8.600000000000000000e+02
8.560000000000000000e+02
8.530000000000000000e+02
8.480000000000000000e+02
8.740000000000000000e+02
8.630000000000000000e+02
8.540000000000000000e+02
8.690000000000000000e+02
8.730000000000000000e+02
8.580000000000000000e+02
8.740000000000000000e+02
8.660000000000000000e+02
8.690000000000000000e+02
8.690000000000000000e+02
8.790000000000000000e+02
8.560000000000000000e+02
8.740000000000000000e+02
8.770000000000000000e+02
8.730000000000000000e+02
8.600000000000000000e+02
8.770000000000000000e+02
8.760000000000000000e+02
8.690000000000000000e+02
8.730000000000000000e+02
8.800000000000000000e+02
8.720000000000000000e+02
8.680000000000000000e+02
8.810000000000000000e+02
8.750000000000000000e+02
8.640000000000000000e+02
8.810000000000000000e+02
8.800000000000000000e+02
8.660000000000000000e+02
8.790000000000000000e+02
8.740000000000000000e+02
8.760000000000000000e+02
8.690000000000000000e+02
8.860000000000000000e+02
8.710000000000000000e+02
8.790000000000000000e+02
8.720000000000000000e+02
8.790000000000000000e+02
8.680000000000000000e+02
8.830000000000000000e+02
8.750000000000000000e+02
8.780000000000000000e+02
8.750000000000000000e+02
8.820000000000000000e+02
8.780000000000000000e+02
8.750000000000000000e+02
8.830000000000000000e+02
8.790000000000000000e+02
8.790000000000000000e+02
8.790000000000000000e+02
8.810000000000000000e+02
8.790000000000000000e+02
8.850000000000000000e+02
8.740000000000000000e+02
8.820000000000000000e+02
8.750000000000000000e+02
8.810000000000000000e+02
8.550000000000000000e+02
8.300000000000000000e+02
7.500000000000000000e+02
0.000000000000000000e+00
0.000000000000000000e+00
0.000000000000000000e+00
0.000000000000000000e+00
0.000000000000000000e+00
0.000000000000000000e+00
0.000000000000000000e+00
0.000000000000000000e+00
0.000000000000000000e+00
0.000000000000000000e+00
0.000000000000000000e+00
0.000000000000000000e+00
0.000000000000000000e+00
0.000000000000000000e+00
0.000000000000000000e+00
0.000000000000000000e+00
0.000000000000000000e+00
0.000000000000000000e+00
0.000000000000000000e+00
0.000000000000000000e+00
0.000000000000000000e+00
0.000000000000000000e+00
0.000000000000000000e+00
0.000000000000000000e+00
0.000000000000000000e+00
0.000000000000000000e+00
0.000000000000000000e+00
0.000000000000000000e+00
0.000000000000000000e+00
0.000000000000000000e+00
0.000000000000000000e+00
0.000000000000000000e+00
0.000000000000000000e+00
0.000000000000000000e+00
0.000000000000000000e+00
0.000000000000000000e+00
0.000000000000000000e+00
0.000000000000000000e+00
0.000000000000000000e+00
0.000000000000000000e+00
0.000000000000000000e+00
0.000000000000000000e+00
0.000000000000000000e+00
0.000000000000000000e+00
0.000000000000000000e+00
0.000000000000000000e+00
0.000000000000000000e+00
0.000000000000000000e+00
0.000000000000000000e+00
0.000000000000000000e+00
0.000000000000000000e+00
0.000000000000000000e+00
0.000000000000000000e+00
0.000000000000000000e+00
0.000000000000000000e+00
0.000000000000000000e+00
0.000000000000000000e+00
0.000000000000000000e+00
0.000000000000000000e+00
0.000000000000000000e+00
0.000000000000000000e+00
0.000000000000000000e+00
0.000000000000000000e+00
0.000000000000000000e+00
0.000000000000000000e+00
0.000000000000000000e+00
0.000000000000000000e+00
0.000000000000000000e+00
0.000000000000000000e+00
0.000000000000000000e+00
0.000000000000000000e+00
0.000000000000000000e+00
0.000000000000000000e+00
0.000000000000000000e+00
0.000000000000000000e+00
0.000000000000000000e+00
0.000000000000000000e+00
0.000000000000000000e+00
0.000000000000000000e+00
0.000000000000000000e+00
0.000000000000000000e+00
0.000000000000000000e+00
0.000000000000000000e+00
0.000000000000000000e+00
0.000000000000000000e+00
0.000000000000000000e+00
0.000000000000000000e+00
0.000000000000000000e+00
0.000000000000000000e+00
0.000000000000000000e+00
0.000000000000000000e+00
0.000000000000000000e+00
0.000000000000000000e+00
0.000000000000000000e+00
0.000000000000000000e+00
0.000000000000000000e+00
0.000000000000000000e+00
0.000000000000000000e+00
0.000000000000000000e+00
0.000000000000000000e+00
0.000000000000000000e+00
0.000000000000000000e+00
0.000000000000000000e+00
0.000000000000000000e+00
0.000000000000000000e+00
0.000000000000000000e+00
0.000000000000000000e+00
0.000000000000000000e+00
0.000000000000000000e+00
0.000000000000000000e+00
0.000000000000000000e+00
0.000000000000000000e+00
