0.000000000000000000e+00
0.000000000000000000e+00
0.000000000000000000e+00
0.000000000000000000e+00
0.000000000000000000e+00
0.000000000000000000e+00
0.000000000000000000e+00
0.000000000000000000e+00
0.000000000000000000e+00
0.000000000000000000e+00
0.000000000000000000e+00
0.000000000000000000e+00
0.000000000000000000e+00
0.000000000000000000e+00
0.000000000000000000e+00
0.000000000000000000e+00
0.000000000000000000e+00
0.000000000000000000e+00
0.000000000000000000e+00
0.000000000000000000e+00
0.000000000000000000e+00
0.000000000000000000e+00
0.000000000000000000e+00
0.000000000000000000e+00
1.530000000000000000e+02
1.320000000000000000e+02
2.990000000000000000e+02
5.930000000000000000e+02
7.270000000000000000e+02
7.820000000000000000e+02
8.100000000000000000e+02
8.230000000000000000e+02
8.400000000000000000e+02
8.450000000000000000e+02
8.520000000000000000e+02
8.500000000000000000e+02
8.520000000000000000e+02
8.480000000000000000e+02
8.610000000000000000e+02
8.650000000000000000e+02
8.610000000000000000e+02
8.590000000000000000e+02
8.580000000000000000e+02
8.600000000000000000e+02
8.670000000000000000e+02
8.710000000000000000e+02
8.640000000000000000e+02
8.670000000000000000e+02
8.710000000000000000e+02
8.670000000000000000e+02
8.700000000000000000e+02
8.720000000000000000e+02
8.670000000000000000e+02
8.720000000000000000e+02
8.720000000000000000e+02
8.730000000000000000e+02
8.680000000000000000e+02
8.770000000000000000e+02
8.620000000000000000e+02
8.790000000000000000e+02
8.700000000000000000e+02
8.800000000000000000e+02
8.700000000000000000e+02
8.840000000000000000e+02
8.660000000000000000e+02
8.840000000000000000e+02
8.710000000000000000e+02
8.800000000000000000e+02
8.710000000000000000e+02
8.820000000000000000e+02
8.710000000000000000e+02
8.770000000000000000e+02
8.770000000000000000e+02
8.750000000000000000e+02
8.770000000000000000e+02
8.750000000000000000e+02
8.780000000000000000e+02
8.750000000000000000e+02
8.830000000000000000e+02
8.690000000000000000e+02
8.860000000000000000e+02
8.670000000000000000e+02
8.850000000000000000e+02
8.670000000000000000e+02
8.890000000000000000e+02
8.690000000000000000e+02
8.860000000000000000e+02
8.730000000000000000e+02
8.820000000000000000e+02
8.760000000000000000e+02
8.790000000000000000e+02
8.760000000000000000e+02
8.780000000000000000e+02
8.820000000000000000e+02
8.760000000000000000e+02
8.850000000000000000e+02
8.770000000000000000e+02
8.810000000000000000e+02
8.780000000000000000e+02
8.830000000000000000e+02
8.770000000000000000e+02
8.810000000000000000e+02
8.780000000000000000e+02
8.750000000000000000e+02
8.570000000000000000e+02
8.150000000000000000e+02
7.690000000000000000e+02
3.540000000000000000e+02
0.000000000000000000e+00
0.000000000000000000e+00
0.000000000000000000e+00
0.000000000000000000e+00
0.000000000000000000e+00
0.000000000000000000e+00
0.000000000000000000e+00
0.000000000000000000e+00
0.000000000000000000e+00
0.000000000000000000e+00
0.000000000000000000e+00
0.000000000000000000e+00
0.000000000000000000e+00
0.000000000000000000e+00
0.000000000000000000e+00
0.000000000000000000e+00
0.000000000000000000e+00
0.000000000000000000e+00
0.000000000000000000e+00
0.000000000000000000e+00
0.000000000000000000e+00
0.000000000000000000e+00
0.000000000000000000e+00
0.000000000000000000e+00
0.000000000000000000e+00
0.000000000000000000e+00
0.000000000000000000e+00
0.000000000000000000e+00
0.000000000000000000e+00
0.000000000000000000e+00
0.000000000000000000e+00
0.000000000000000000e+00
0.000000000000000000e+00
0.000000000000000000e+00
0.000000000000000000e+00
0.000000000000000000e+00
0.000000000000000000e+00
0.000000000000000000e+00
0.000000000000000000e+00
0.000000000000000000e+00
0.000000000000000000e+00
0.000000000000000000e+00
0.000000000000000000e+00
0.000000000000000000e+00
0.000000000000000000e+00
0.000000000000000000e+00
0.000000000000000000e+00
0.000000000000000000e+00
0.000000000000000000e+00
0.000000000000000000e+00
0.000000000000000000e+00
0.000000000000000000e+00
0.000000000000000000e+00
0.000000000000000000e+00
0.000000000000000000e+00
0.000000000000000000e+00
0.000000000000000000e+00
0.000000000000000000e+00
0.000000000000000000e+00
0.000000000000000000e+00
6.000000000000000000e+01
4.910000000000000000e+02
6.560000000000000000e+02
7.890000000000000000e+02
8.430000000000000000e+02
8.610000000000000000e+02
8.580000000000000000e+02
8.630000000000000000e+02
8.640000000000000000e+02
8.570000000000000000e+02
8.540000000000000000e+02
8.630000000000000000e+02
8.550000000000000000e+02
8.830000000000000000e+02
8.770000000000000000e+02
8.690000000000000000e+02
8.700000000000000000e+02
8.890000000000000000e+02
8.650000000000000000e+02
8.730000000000000000e+02
8.870000000000000000e+02
8.750000000000000000e+02
8.720000000000000000e+02
8.800000000000000000e+02
8.820000000000000000e+02
8.710000000000000000e+02
8.810000000000000000e+02
8.810000000000000000e+02
8.740000000000000000e+02
8.800000000000000000e+02
8.830000000000000000e+02
8.770000000000000000e+02
8.750000000000000000e+02
8.860000000000000000e+02
8.750000000000000000e+02
8.810000000000000000e+02
8.820000000000000000e+02
8.820000000000000000e+02
8.760000000000000000e+02
8.830000000000000000e+02
8.800000000000000000e+02
8.770000000000000000e+02
8.820000000000000000e+02
8.800000000000000000e+02
8.810000000000000000e+02
8.800000000000000000e+02
8.830000000000000000e+02
8.800000000000000000e+02
8.790000000000000000e+02
8.850000000000000000e+02
8.770000000000000000e+02
8.820000000000000000e+02
8.800000000000000000e+02
8.860000000000000000e+02
8.750000000000000000e+02
8.860000000000000000e+02
8.770000000000000000e+02
8.840000000000000000e+02
8.770000000000000000e+02
8.870000000000000000e+02
8.790000000000000000e+02
8.840000000000000000e+02
8.800000000000000000e+02
8.840000000000000000e+02
8.820000000000000000e+02
8.830000000000000000e+02
8.830000000000000000e+02
8.820000000000000000e+02
8.830000000000000000e+02
8.820000000000000000e+02
8.840000000000000000e+02
8.810000000000000000e+02
8.860000000000000000e+02
8.830000000000000000e+02
8.840000000000000000e+02
8.800000000000000000e+02
9.060000000000000000e+02
8.820000000000000000e+02
7.830000000000000000e+02
0.000000000000000000e+00
0.000000000000000000e+00
0.000000000000000000e+00
0.000000000000000000e+00
0.000000000000000000e+00
0.000000000000000000e+00
0.000000000000000000e+00
0.000000000000000000e+00
0.000000000000000000e+00
0.000000000000000000e+00
0.000000000000000000e+00
0.000000000000000000e+00
0.000000000000000000e+00
0.000000000000000000e+00
0.000000000000000000e+00
0.000000000000000000e+00
0.000000000000000000e+00
0.000000000000000000e+00
0.000000000000000000e+00
0.000000000000000000e+00
0.000000000000000000e+00
0.000000000000000000e+00
0.000000000000000000e+00
0.000000000000000000e+00
0.000000000000000000e+00
0.000000000000000000e+00
0.000000000000000000e+00
0.000000000000000000e+00
0.000000000000000000e+00
0.000000000000000000e+00
0.000000000000000000e+00
0.000000000000000000e+00
0.000000000000000000e+00
0.000000000000000000e+00
0.000000000000000000e+00
0.000000000000000000e+00
0.000000000000000000e+00
0.000000000000000000e+00
0.000000000000000000e+00
0.000000000000000000e+00
0.000000000000000000e+00
0.000000000000000000e+00
0.000000000000000000e+00
0.000000000000000000e+00
0.000000000000000000e+00
0.000000000000000000e+00
0.000000000000000000e+00
0.000000000000000000e+00
0.000000000000000000e+00
0.000000000000000000e+00
0.000000000000000000e+00
0.000000000000000000e+00
0.000000000000000000e+00
