0.000000000000000000e+00
0.000000000000000000e+00
0.000000000000000000e+00
0.000000000000000000e+00
0.000000000000000000e+00
0.000000000000000000e+00
0.000000000000000000e+00
0.000000000000000000e+00
0.000000000000000000e+00
0.000000000000000000e+00
0.000000000000000000e+00
0.000000000000000000e+00
0.000000000000000000e+00
0.000000000000000000e+00
0.000000000000000000e+00
0.000000000000000000e+00
0.000000000000000000e+00
0.000000000000000000e+00
0.000000000000000000e+00
0.000000000000000000e+00
0.000000000000000000e+00
0.000000000000000000e+00
0.000000000000000000e+00
0.000000000000000000e+00
0.000000000000000000e+00
0.000000000000000000e+00
0.000000000000000000e+00
0.000000000000000000e+00
0.000000000000000000e+00
0.000000000000000000e+00
0.000000000000000000e+00
0.000000000000000000e+00
0.000000000000000000e+00
0.000000000000000000e+00
0.000000000000000000e+00
0.000000000000000000e+00
0.000000000000000000e+00
0.000000000000000000e+00
5.800000000000000000e+02
6.300000000000000000e+02
7.320000000000000000e+02
7.820000000000000000e+02
8.140000000000000000e+02
8.290000000000000000e+02
8.380000000000000000e+02
8.460000000000000000e+02
8.510000000000000000e+02
8.710000000000000000e+02
8.790000000000000000e+02
8.750000000000000000e+02
8.960000000000000000e+02
9.000000000000000000e+02
9.100000000000000000e+02
9.020000000000000000e+02
9.160000000000000000e+02
9.110000000000000000e+02
9.090000000000000000e+02
9.150000000000000000e+02
9.140000000000000000e+02
9.120000000000000000e+02
9.130000000000000000e+02
9.170000000000000000e+02
9.070000000000000000e+02
9.200000000000000000e+02
9.160000000000000000e+02
9.150000000000000000e+02
9.150000000000000000e+02
9.190000000000000000e+02
9.090000000000000000e+02
9.200000000000000000e+02
9.160000000000000000e+02
9.140000000000000000e+02
9.170000000000000000e+02
9.190000000000000000e+02
9.180000000000000000e+02
9.200000000000000000e+02
9.190000000000000000e+02
9.190000000000000000e+02
9.210000000000000000e+02
9.170000000000000000e+02
9.200000000000000000e+02
9.200000000000000000e+02
9.200000000000000000e+02
9.190000000000000000e+02
9.250000000000000000e+02
9.160000000000000000e+02
9.230000000000000000e+02
9.180000000000000000e+02
9.230000000000000000e+02
9.180000000000000000e+02
9.230000000000000000e+02
9.200000000000000000e+02
9.220000000000000000e+02
9.230000000000000000e+02
9.210000000000000000e+02
9.240000000000000000e+02
9.230000000000000000e+02
9.200000000000000000e+02
9.230000000000000000e+02
9.230000000000000000e+02
9.220000000000000000e+02
9.230000000000000000e+02
9.240000000000000000e+02
9.190000000000000000e+02
9.250000000000000000e+02
9.220000000000000000e+02
9.220000000000000000e+02
9.240000000000000000e+02
9.220000000000000000e+02
9.230000000000000000e+02
9.060000000000000000e+02
8.710000000000000000e+02
4.970000000000000000e+02
0.000000000000000000e+00
0.000000000000000000e+00
0.000000000000000000e+00
0.000000000000000000e+00
0.000000000000000000e+00
0.000000000000000000e+00
0.000000000000000000e+00
0.000000000000000000e+00
0.000000000000000000e+00
0.000000000000000000e+00
0.000000000000000000e+00
0.000000000000000000e+00
0.000000000000000000e+00
0.000000000000000000e+00
0.000000000000000000e+00
0.000000000000000000e+00
0.000000000000000000e+00
0.000000000000000000e+00
0.000000000000000000e+00
0.000000000000000000e+00
0.000000000000000000e+00
0.000000000000000000e+00
0.000000000000000000e+00
0.000000000000000000e+00
0.000000000000000000e+00
0.000000000000000000e+00
0.000000000000000000e+00
0.000000000000000000e+00
0.000000000000000000e+00
0.000000000000000000e+00
0.000000000000000000e+00
0.000000000000000000e+00
0.000000000000000000e+00
0.000000000000000000e+00
0.000000000000000000e+00
0.000000000000000000e+00
0.000000000000000000e+00
0.000000000000000000e+00
0.000000000000000000e+00
0.000000000000000000e+00
0.000000000000000000e+00
0.000000000000000000e+00
0.000000000000000000e+00
0.000000000000000000e+00
0.000000000000000000e+00
1.890000000000000000e+02
3.680000000000000000e+02
5.930000000000000000e+02
7.490000000000000000e+02
8.050000000000000000e+02
8.230000000000000000e+02
8.640000000000000000e+02
8.680000000000000000e+02
8.610000000000000000e+02
8.630000000000000000e+02
8.700000000000000000e+02
8.710000000000000000e+02
8.720000000000000000e+02
8.650000000000000000e+02
8.620000000000000000e+02
8.640000000000000000e+02
8.600000000000000000e+02
8.630000000000000000e+02
8.670000000000000000e+02
8.620000000000000000e+02
8.630000000000000000e+02
8.710000000000000000e+02
8.640000000000000000e+02
8.680000000000000000e+02
8.650000000000000000e+02
8.690000000000000000e+02
8.710000000000000000e+02
8.670000000000000000e+02
8.670000000000000000e+02
8.730000000000000000e+02
8.690000000000000000e+02
8.700000000000000000e+02
8.740000000000000000e+02
8.740000000000000000e+02
8.640000000000000000e+02
8.800000000000000000e+02
8.650000000000000000e+02
8.760000000000000000e+02
8.680000000000000000e+02
8.780000000000000000e+02
8.640000000000000000e+02
8.780000000000000000e+02
8.690000000000000000e+02
8.760000000000000000e+02
8.680000000000000000e+02
8.770000000000000000e+02
8.700000000000000000e+02
8.750000000000000000e+02
8.710000000000000000e+02
8.760000000000000000e+02
8.700000000000000000e+02
8.760000000000000000e+02
8.720000000000000000e+02
8.720000000000000000e+02
8.680000000000000000e+02
8.810000000000000000e+02
8.680000000000000000e+02
8.740000000000000000e+02
8.740000000000000000e+02
8.770000000000000000e+02
8.650000000000000000e+02
8.810000000000000000e+02
8.700000000000000000e+02
8.750000000000000000e+02
8.710000000000000000e+02
8.820000000000000000e+02
8.680000000000000000e+02
8.780000000000000000e+02
8.730000000000000000e+02
8.770000000000000000e+02
8.700000000000000000e+02
8.850000000000000000e+02
8.690000000000000000e+02
8.770000000000000000e+02
8.830000000000000000e+02
9.050000000000000000e+02
5.580000000000000000e+02
0.000000000000000000e+00
0.000000000000000000e+00
0.000000000000000000e+00
0.000000000000000000e+00
0.000000000000000000e+00
0.000000000000000000e+00
0.000000000000000000e+00
0.000000000000000000e+00
0.000000000000000000e+00
0.000000000000000000e+00
0.000000000000000000e+00
0.000000000000000000e+00
0.000000000000000000e+00
0.000000000000000000e+00
0.000000000000000000e+00
0.000000000000000000e+00
0.000000000000000000e+00
0.000000000000000000e+00
0.000000000000000000e+00
0.000000000000000000e+00
0.000000000000000000e+00
0.000000000000000000e+00
0.000000000000000000e+00
0.000000000000000000e+00
0.000000000000000000e+00
0.000000000000000000e+00
0.000000000000000000e+00
0.000000000000000000e+00
0.000000000000000000e+00
0.000000000000000000e+00
0.000000000000000000e+00
0.000000000000000000e+00
0.000000000000000000e+00
0.000000000000000000e+00
0.000000000000000000e+00
0.000000000000000000e+00
0.000000000000000000e+00
0.000000000000000000e+00
0.000000000000000000e+00
0.000000000000000000e+00
0.000000000000000000e+00
0.000000000000000000e+00
0.000000000000000000e+00
0.000000000000000000e+00
0.000000000000000000e+00
0.000000000000000000e+00
0.000000000000000000e+00
0.000000000000000000e+00
0.000000000000000000e+00
0.000000000000000000e+00
0.000000000000000000e+00
0.000000000000000000e+00
0.000000000000000000e+00
0.000000000000000000e+00
0.000000000000000000e+00
0.000000000000000000e+00
0.000000000000000000e+00
0.000000000000000000e+00
0.000000000000000000e+00
0.000000000000000000e+00
0.000000000000000000e+00
0.000000000000000000e+00
0.000000000000000000e+00
0.000000000000000000e+00
0.000000000000000000e+00
