0.000000000000000000e+00
0.000000000000000000e+00
0.000000000000000000e+00
0.000000000000000000e+00
0.000000000000000000e+00
0.000000000000000000e+00
0.000000000000000000e+00
0.000000000000000000e+00
0.000000000000000000e+00
0.000000000000000000e+00
0.000000000000000000e+00
0.000000000000000000e+00
0.000000000000000000e+00
0.000000000000000000e+00
0.000000000000000000e+00
0.000000000000000000e+00
0.000000000000000000e+00
0.000000000000000000e+00
0.000000000000000000e+00
0.000000000000000000e+00
0.000000000000000000e+00
0.000000000000000000e+00
0.000000000000000000e+00
0.000000000000000000e+00
0.000000000000000000e+00
0.000000000000000000e+00
0.000000000000000000e+00
0.000000000000000000e+00
0.000000000000000000e+00
0.000000000000000000e+00
0.000000000000000000e+00
0.000000000000000000e+00
0.000000000000000000e+00
0.000000000000000000e+00
0.000000000000000000e+00
0.000000000000000000e+00
0.000000000000000000e+00
0.000000000000000000e+00
0.000000000000000000e+00
0.000000000000000000e+00
0.000000000000000000e+00
0.000000000000000000e+00
0.000000000000000000e+00
0.000000000000000000e+00
0.000000000000000000e+00
1.900000000000000000e+01
1.210000000000000000e+02
4.350000000000000000e+02
5.800000000000000000e+02
6.890000000000000000e+02
7.710000000000000000e+02
7.960000000000000000e+02
8.210000000000000000e+02
8.300000000000000000e+02
8.370000000000000000e+02
8.410000000000000000e+02
8.230000000000000000e+02
8.420000000000000000e+02
8.420000000000000000e+02
8.430000000000000000e+02
8.460000000000000000e+02
8.410000000000000000e+02
8.490000000000000000e+02
8.470000000000000000e+02
8.450000000000000000e+02
8.500000000000000000e+02
8.510000000000000000e+02
8.510000000000000000e+02
8.490000000000000000e+02
8.550000000000000000e+02
8.480000000000000000e+02
8.540000000000000000e+02
8.520000000000000000e+02
8.560000000000000000e+02
8.500000000000000000e+02
8.550000000000000000e+02
8.530000000000000000e+02
8.570000000000000000e+02
8.490000000000000000e+02
8.570000000000000000e+02
8.520000000000000000e+02
8.550000000000000000e+02
8.560000000000000000e+02
8.550000000000000000e+02
8.530000000000000000e+02
8.590000000000000000e+02
8.590000000000000000e+02
8.540000000000000000e+02
8.610000000000000000e+02
8.510000000000000000e+02
8.610000000000000000e+02
8.480000000000000000e+02
8.620000000000000000e+02
8.450000000000000000e+02
8.610000000000000000e+02
8.540000000000000000e+02
8.570000000000000000e+02
8.590000000000000000e+02
8.570000000000000000e+02
8.530000000000000000e+02
8.620000000000000000e+02
8.500000000000000000e+02
8.590000000000000000e+02
8.500000000000000000e+02
8.640000000000000000e+02
8.430000000000000000e+02
8.630000000000000000e+02
8.500000000000000000e+02
8.620000000000000000e+02
8.580000000000000000e+02
8.640000000000000000e+02
8.500000000000000000e+02
8.580000000000000000e+02
8.670000000000000000e+02
8.230000000000000000e+02
7.300000000000000000e+02
0.000000000000000000e+00
0.000000000000000000e+00
0.000000000000000000e+00
0.000000000000000000e+00
0.000000000000000000e+00
0.000000000000000000e+00
0.000000000000000000e+00
0.000000000000000000e+00
0.000000000000000000e+00
0.000000000000000000e+00
0.000000000000000000e+00
0.000000000000000000e+00
0.000000000000000000e+00
0.000000000000000000e+00
0.000000000000000000e+00
0.000000000000000000e+00
0.000000000000000000e+00
0.000000000000000000e+00
0.000000000000000000e+00
0.000000000000000000e+00
0.000000000000000000e+00
0.000000000000000000e+00
0.000000000000000000e+00
0.000000000000000000e+00
0.000000000000000000e+00
0.000000000000000000e+00
0.000000000000000000e+00
0.000000000000000000e+00
0.000000000000000000e+00
0.000000000000000000e+00
0.000000000000000000e+00
0.000000000000000000e+00
0.000000000000000000e+00
0.000000000000000000e+00
0.000000000000000000e+00
8.000000000000000000e+00
0.000000000000000000e+00
4.070000000000000000e+02
5.830000000000000000e+02
6.910000000000000000e+02
7.580000000000000000e+02
7.690000000000000000e+02
7.500000000000000000e+02
7.780000000000000000e+02
8.120000000000000000e+02
8.240000000000000000e+02
8.140000000000000000e+02
8.050000000000000000e+02
8.400000000000000000e+02
8.320000000000000000e+02
8.420000000000000000e+02
8.310000000000000000e+02
8.430000000000000000e+02
8.440000000000000000e+02
8.390000000000000000e+02
8.430000000000000000e+02
8.340000000000000000e+02
8.510000000000000000e+02
8.350000000000000000e+02
8.480000000000000000e+02
8.280000000000000000e+02
8.540000000000000000e+02
8.290000000000000000e+02
8.510000000000000000e+02
8.330000000000000000e+02
8.530000000000000000e+02
8.270000000000000000e+02
8.510000000000000000e+02
8.360000000000000000e+02
8.520000000000000000e+02
8.410000000000000000e+02
8.510000000000000000e+02
8.440000000000000000e+02
8.470000000000000000e+02
8.540000000000000000e+02
8.320000000000000000e+02
8.550000000000000000e+02
8.440000000000000000e+02
8.460000000000000000e+02
8.410000000000000000e+02
8.490000000000000000e+02
8.440000000000000000e+02
8.430000000000000000e+02
8.540000000000000000e+02
8.450000000000000000e+02
8.500000000000000000e+02
8.520000000000000000e+02
8.490000000000000000e+02
8.510000000000000000e+02
8.510000000000000000e+02
8.520000000000000000e+02
8.450000000000000000e+02
8.550000000000000000e+02
8.450000000000000000e+02
8.550000000000000000e+02
8.500000000000000000e+02
8.530000000000000000e+02
8.520000000000000000e+02
8.530000000000000000e+02
8.520000000000000000e+02
8.520000000000000000e+02
8.540000000000000000e+02
8.490000000000000000e+02
8.530000000000000000e+02
8.530000000000000000e+02
8.520000000000000000e+02
8.520000000000000000e+02
8.520000000000000000e+02
8.530000000000000000e+02
8.530000000000000000e+02
8.540000000000000000e+02
8.500000000000000000e+02
8.500000000000000000e+02
8.320000000000000000e+02
8.540000000000000000e+02
5.030000000000000000e+02
0.000000000000000000e+00
0.000000000000000000e+00
0.000000000000000000e+00
0.000000000000000000e+00
0.000000000000000000e+00
0.000000000000000000e+00
0.000000000000000000e+00
0.000000000000000000e+00
0.000000000000000000e+00
0.000000000000000000e+00
0.000000000000000000e+00
0.000000000000000000e+00
0.000000000000000000e+00
0.000000000000000000e+00
0.000000000000000000e+00
0.000000000000000000e+00
0.000000000000000000e+00
0.000000000000000000e+00
0.000000000000000000e+00
0.000000000000000000e+00
0.000000000000000000e+00
0.000000000000000000e+00
0.000000000000000000e+00
0.000000000000000000e+00
0.000000000000000000e+00
0.000000000000000000e+00
0.000000000000000000e+00
0.000000000000000000e+00
0.000000000000000000e+00
0.000000000000000000e+00
0.000000000000000000e+00
0.000000000000000000e+00
0.000000000000000000e+00
0.000000000000000000e+00
0.000000000000000000e+00
0.000000000000000000e+00
0.000000000000000000e+00
0.000000000000000000e+00
0.000000000000000000e+00
0.000000000000000000e+00
0.000000000000000000e+00
0.000000000000000000e+00
0.000000000000000000e+00
0.000000000000000000e+00
0.000000000000000000e+00
0.000000000000000000e+00
0.000000000000000000e+00
0.000000000000000000e+00
0.000000000000000000e+00
0.000000000000000000e+00
0.000000000000000000e+00
0.000000000000000000e+00
0.000000000000000000e+00
0.000000000000000000e+00
0.000000000000000000e+00
0.000000000000000000e+00
0.000000000000000000e+00
0.000000000000000000e+00
0.000000000000000000e+00
0.000000000000000000e+00
0.000000000000000000e+00
0.000000000000000000e+00
0.000000000000000000e+00
0.000000000000000000e+00
0.000000000000000000e+00
0.000000000000000000e+00
0.000000000000000000e+00
0.000000000000000000e+00
