0.000000000000000000e+00
0.000000000000000000e+00
0.000000000000000000e+00
0.000000000000000000e+00
0.000000000000000000e+00
0.000000000000000000e+00
0.000000000000000000e+00
0.000000000000000000e+00
0.000000000000000000e+00
0.000000000000000000e+00
0.000000000000000000e+00
0.000000000000000000e+00
0.000000000000000000e+00
0.000000000000000000e+00
0.000000000000000000e+00
0.000000000000000000e+00
0.000000000000000000e+00
0.000000000000000000e+00
0.000000000000000000e+00
0.000000000000000000e+00
0.000000000000000000e+00
0.000000000000000000e+00
0.000000000000000000e+00
0.000000000000000000e+00
0.000000000000000000e+00
3.700000000000000000e+01
1.360000000000000000e+02
5.230000000000000000e+02
6.940000000000000000e+02
7.280000000000000000e+02
7.820000000000000000e+02
7.760000000000000000e+02
7.970000000000000000e+02
8.000000000000000000e+02
7.870000000000000000e+02
7.380000000000000000e+02
6.910000000000000000e+02
6.690000000000000000e+02
7.510000000000000000e+02
7.730000000000000000e+02
8.260000000000000000e+02
8.270000000000000000e+02
8.060000000000000000e+02
7.700000000000000000e+02
7.940000000000000000e+02
8.230000000000000000e+02
8.280000000000000000e+02
8.170000000000000000e+02
7.990000000000000000e+02
8.130000000000000000e+02
8.250000000000000000e+02
8.250000000000000000e+02
8.240000000000000000e+02
8.190000000000000000e+02
8.210000000000000000e+02
8.280000000000000000e+02
8.230000000000000000e+02
8.260000000000000000e+02
8.250000000000000000e+02
8.250000000000000000e+02
8.290000000000000000e+02
8.250000000000000000e+02
8.260000000000000000e+02
8.280000000000000000e+02
8.280000000000000000e+02
8.300000000000000000e+02
8.260000000000000000e+02
8.270000000000000000e+02
8.280000000000000000e+02
8.280000000000000000e+02
8.300000000000000000e+02
8.280000000000000000e+02
8.300000000000000000e+02
8.270000000000000000e+02
8.300000000000000000e+02
8.300000000000000000e+02
8.290000000000000000e+02
8.310000000000000000e+02
8.280000000000000000e+02
8.290000000000000000e+02
8.320000000000000000e+02
8.280000000000000000e+02
8.310000000000000000e+02
8.300000000000000000e+02
8.320000000000000000e+02
7.680000000000000000e+02
4.430000000000000000e+02
0.000000000000000000e+00
0.000000000000000000e+00
0.000000000000000000e+00
0.000000000000000000e+00
0.000000000000000000e+00
0.000000000000000000e+00
0.000000000000000000e+00
0.000000000000000000e+00
0.000000000000000000e+00
0.000000000000000000e+00
0.000000000000000000e+00
0.000000000000000000e+00
0.000000000000000000e+00
0.000000000000000000e+00
0.000000000000000000e+00
0.000000000000000000e+00
0.000000000000000000e+00
0.000000000000000000e+00
0.000000000000000000e+00
0.000000000000000000e+00
0.000000000000000000e+00
0.000000000000000000e+00
0.000000000000000000e+00
0.000000000000000000e+00
0.000000000000000000e+00
0.000000000000000000e+00
0.000000000000000000e+00
0.000000000000000000e+00
0.000000000000000000e+00
0.000000000000000000e+00
0.000000000000000000e+00
0.000000000000000000e+00
0.000000000000000000e+00
0.000000000000000000e+00
0.000000000000000000e+00
0.000000000000000000e+00
0.000000000000000000e+00
0.000000000000000000e+00
0.000000000000000000e+00
0.000000000000000000e+00
0.000000000000000000e+00
0.000000000000000000e+00
0.000000000000000000e+00
0.000000000000000000e+00
0.000000000000000000e+00
0.000000000000000000e+00
4.100000000000000000e+01
2.430000000000000000e+02
5.160000000000000000e+02
6.080000000000000000e+02
6.740000000000000000e+02
7.250000000000000000e+02
7.550000000000000000e+02
7.570000000000000000e+02
7.360000000000000000e+02
7.430000000000000000e+02
7.500000000000000000e+02
7.650000000000000000e+02
7.440000000000000000e+02
7.670000000000000000e+02
7.700000000000000000e+02
7.510000000000000000e+02
7.600000000000000000e+02
7.740000000000000000e+02
7.700000000000000000e+02
7.600000000000000000e+02
7.710000000000000000e+02
7.730000000000000000e+02
7.680000000000000000e+02
7.680000000000000000e+02
7.730000000000000000e+02
7.750000000000000000e+02
7.570000000000000000e+02
7.770000000000000000e+02
7.700000000000000000e+02
7.750000000000000000e+02
7.630000000000000000e+02
7.800000000000000000e+02
7.670000000000000000e+02
7.780000000000000000e+02
7.690000000000000000e+02
7.790000000000000000e+02
7.710000000000000000e+02
7.740000000000000000e+02
7.770000000000000000e+02
7.810000000000000000e+02
7.710000000000000000e+02
7.790000000000000000e+02
7.770000000000000000e+02
7.790000000000000000e+02
7.710000000000000000e+02
7.810000000000000000e+02
7.750000000000000000e+02
7.800000000000000000e+02
7.760000000000000000e+02
7.810000000000000000e+02
7.800000000000000000e+02
7.700000000000000000e+02
7.820000000000000000e+02
7.730000000000000000e+02
7.820000000000000000e+02
7.700000000000000000e+02
7.870000000000000000e+02
7.670000000000000000e+02
7.840000000000000000e+02
7.710000000000000000e+02
7.840000000000000000e+02
7.760000000000000000e+02
7.840000000000000000e+02
7.770000000000000000e+02
7.820000000000000000e+02
7.830000000000000000e+02
7.820000000000000000e+02
7.780000000000000000e+02
7.730000000000000000e+02
7.900000000000000000e+02
7.760000000000000000e+02
7.780000000000000000e+02
5.380000000000000000e+02
0.000000000000000000e+00
0.000000000000000000e+00
0.000000000000000000e+00
0.000000000000000000e+00
0.000000000000000000e+00
0.000000000000000000e+00
0.000000000000000000e+00
0.000000000000000000e+00
0.000000000000000000e+00
0.000000000000000000e+00
0.000000000000000000e+00
0.000000000000000000e+00
0.000000000000000000e+00
0.000000000000000000e+00
0.000000000000000000e+00
0.000000000000000000e+00
0.000000000000000000e+00
0.000000000000000000e+00
0.000000000000000000e+00
0.000000000000000000e+00
0.000000000000000000e+00
0.000000000000000000e+00
0.000000000000000000e+00
0.000000000000000000e+00
0.000000000000000000e+00
0.000000000000000000e+00
0.000000000000000000e+00
0.000000000000000000e+00
0.000000000000000000e+00
0.000000000000000000e+00
0.000000000000000000e+00
0.000000000000000000e+00
0.000000000000000000e+00
0.000000000000000000e+00
0.000000000000000000e+00
0.000000000000000000e+00
0.000000000000000000e+00
0.000000000000000000e+00
0.000000000000000000e+00
0.000000000000000000e+00
0.000000000000000000e+00
0.000000000000000000e+00
0.000000000000000000e+00
0.000000000000000000e+00
0.000000000000000000e+00
0.000000000000000000e+00
0.000000000000000000e+00
0.000000000000000000e+00
0.000000000000000000e+00
0.000000000000000000e+00
0.000000000000000000e+00
0.000000000000000000e+00
0.000000000000000000e+00
0.000000000000000000e+00
0.000000000000000000e+00
0.000000000000000000e+00
0.000000000000000000e+00
0.000000000000000000e+00
0.000000000000000000e+00
0.000000000000000000e+00
0.000000000000000000e+00
0.000000000000000000e+00
0.000000000000000000e+00
0.000000000000000000e+00
0.000000000000000000e+00
0.000000000000000000e+00
0.000000000000000000e+00
0.000000000000000000e+00
0.000000000000000000e+00
0.000000000000000000e+00
0.000000000000000000e+00
0.000000000000000000e+00
0.000000000000000000e+00
0.000000000000000000e+00
0.000000000000000000e+00
0.000000000000000000e+00
0.000000000000000000e+00
0.000000000000000000e+00
0.000000000000000000e+00
0.000000000000000000e+00
0.000000000000000000e+00
0.000000000000000000e+00
0.000000000000000000e+00
0.000000000000000000e+00
0.000000000000000000e+00
0.000000000000000000e+00
0.000000000000000000e+00
0.000000000000000000e+00
0.000000000000000000e+00
0.000000000000000000e+00
0.000000000000000000e+00
0.000000000000000000e+00
0.000000000000000000e+00
0.000000000000000000e+00
