0.000000000000000000e+00
0.000000000000000000e+00
0.000000000000000000e+00
0.000000000000000000e+00
0.000000000000000000e+00
0.000000000000000000e+00
0.000000000000000000e+00
0.000000000000000000e+00
0.000000000000000000e+00
0.000000000000000000e+00
0.000000000000000000e+00
0.000000000000000000e+00
0.000000000000000000e+00
0.000000000000000000e+00
0.000000000000000000e+00
0.000000000000000000e+00
0.000000000000000000e+00
0.000000000000000000e+00
3.200000000000000000e+01
5.500000000000000000e+01
2.360000000000000000e+02
6.050000000000000000e+02
7.070000000000000000e+02
7.550000000000000000e+02
7.730000000000000000e+02
8.020000000000000000e+02
8.170000000000000000e+02
8.320000000000000000e+02
8.430000000000000000e+02
8.420000000000000000e+02
8.500000000000000000e+02
8.510000000000000000e+02
8.530000000000000000e+02
8.390000000000000000e+02
8.280000000000000000e+02
8.360000000000000000e+02
8.480000000000000000e+02
8.480000000000000000e+02
8.210000000000000000e+02
8.430000000000000000e+02
8.450000000000000000e+02
8.520000000000000000e+02
8.340000000000000000e+02
8.460000000000000000e+02
8.400000000000000000e+02
8.460000000000000000e+02
8.480000000000000000e+02
8.430000000000000000e+02
8.460000000000000000e+02
8.540000000000000000e+02
8.430000000000000000e+02
8.450000000000000000e+02
8.530000000000000000e+02
8.490000000000000000e+02
8.470000000000000000e+02
8.560000000000000000e+02
8.460000000000000000e+02
8.510000000000000000e+02
8.520000000000000000e+02
8.520000000000000000e+02
8.420000000000000000e+02
8.580000000000000000e+02
8.510000000000000000e+02
8.530000000000000000e+02
8.420000000000000000e+02
8.550000000000000000e+02
8.450000000000000000e+02
8.580000000000000000e+02
8.430000000000000000e+02
8.530000000000000000e+02
8.520000000000000000e+02
8.580000000000000000e+02
8.440000000000000000e+02
8.560000000000000000e+02
8.540000000000000000e+02
8.510000000000000000e+02
8.530000000000000000e+02
8.520000000000000000e+02
8.530000000000000000e+02
8.560000000000000000e+02
8.550000000000000000e+02
8.490000000000000000e+02
8.580000000000000000e+02
8.570000000000000000e+02
8.520000000000000000e+02
8.560000000000000000e+02
8.590000000000000000e+02
8.530000000000000000e+02
8.570000000000000000e+02
8.570000000000000000e+02
8.560000000000000000e+02
8.650000000000000000e+02
8.530000000000000000e+02
6.210000000000000000e+02
0.000000000000000000e+00
0.000000000000000000e+00
0.000000000000000000e+00
0.000000000000000000e+00
0.000000000000000000e+00
0.000000000000000000e+00
0.000000000000000000e+00
0.000000000000000000e+00
0.000000000000000000e+00
0.000000000000000000e+00
0.000000000000000000e+00
0.000000000000000000e+00
0.000000000000000000e+00
0.000000000000000000e+00
0.000000000000000000e+00
0.000000000000000000e+00
0.000000000000000000e+00
0.000000000000000000e+00
0.000000000000000000e+00
0.000000000000000000e+00
0.000000000000000000e+00
0.000000000000000000e+00
0.000000000000000000e+00
0.000000000000000000e+00
0.000000000000000000e+00
0.000000000000000000e+00
0.000000000000000000e+00
0.000000000000000000e+00
0.000000000000000000e+00
0.000000000000000000e+00
0.000000000000000000e+00
0.000000000000000000e+00
0.000000000000000000e+00
0.000000000000000000e+00
0.000000000000000000e+00
0.000000000000000000e+00
0.000000000000000000e+00
0.000000000000000000e+00
0.000000000000000000e+00
0.000000000000000000e+00
0.000000000000000000e+00
0.000000000000000000e+00
0.000000000000000000e+00
0.000000000000000000e+00
0.000000000000000000e+00
0.000000000000000000e+00
2.600000000000000000e+01
0.000000000000000000e+00
1.360000000000000000e+02
3.770000000000000000e+02
4.280000000000000000e+02
6.260000000000000000e+02
7.310000000000000000e+02
7.530000000000000000e+02
7.910000000000000000e+02
8.060000000000000000e+02
8.240000000000000000e+02
8.400000000000000000e+02
8.430000000000000000e+02
8.490000000000000000e+02
8.560000000000000000e+02
8.610000000000000000e+02
8.250000000000000000e+02
8.070000000000000000e+02
7.980000000000000000e+02
8.120000000000000000e+02
8.390000000000000000e+02
8.550000000000000000e+02
8.590000000000000000e+02
8.490000000000000000e+02
8.280000000000000000e+02
8.310000000000000000e+02
8.380000000000000000e+02
8.550000000000000000e+02
8.580000000000000000e+02
8.530000000000000000e+02
8.440000000000000000e+02
8.460000000000000000e+02
8.490000000000000000e+02
8.530000000000000000e+02
8.560000000000000000e+02
8.540000000000000000e+02
8.480000000000000000e+02
8.490000000000000000e+02
8.550000000000000000e+02
8.580000000000000000e+02
8.520000000000000000e+02
8.530000000000000000e+02
8.540000000000000000e+02
8.530000000000000000e+02
8.600000000000000000e+02
8.560000000000000000e+02
8.560000000000000000e+02
8.510000000000000000e+02
8.570000000000000000e+02
8.570000000000000000e+02
8.600000000000000000e+02
8.560000000000000000e+02
8.590000000000000000e+02
8.500000000000000000e+02
8.510000000000000000e+02
8.570000000000000000e+02
8.570000000000000000e+02
8.580000000000000000e+02
8.560000000000000000e+02
8.540000000000000000e+02
8.540000000000000000e+02
8.590000000000000000e+02
8.570000000000000000e+02
8.590000000000000000e+02
8.550000000000000000e+02
8.580000000000000000e+02
8.590000000000000000e+02
8.540000000000000000e+02
8.590000000000000000e+02
8.560000000000000000e+02
8.580000000000000000e+02
8.520000000000000000e+02
8.570000000000000000e+02
8.590000000000000000e+02
8.640000000000000000e+02
8.550000000000000000e+02
8.590000000000000000e+02
8.560000000000000000e+02
8.600000000000000000e+02
8.590000000000000000e+02
8.600000000000000000e+02
8.580000000000000000e+02
8.580000000000000000e+02
8.490000000000000000e+02
8.620000000000000000e+02
7.880000000000000000e+02
0.000000000000000000e+00
0.000000000000000000e+00
0.000000000000000000e+00
0.000000000000000000e+00
0.000000000000000000e+00
0.000000000000000000e+00
0.000000000000000000e+00
0.000000000000000000e+00
0.000000000000000000e+00
0.000000000000000000e+00
0.000000000000000000e+00
0.000000000000000000e+00
0.000000000000000000e+00
0.000000000000000000e+00
0.000000000000000000e+00
0.000000000000000000e+00
0.000000000000000000e+00
0.000000000000000000e+00
0.000000000000000000e+00
0.000000000000000000e+00
0.000000000000000000e+00
0.000000000000000000e+00
0.000000000000000000e+00
0.000000000000000000e+00
0.000000000000000000e+00
0.000000000000000000e+00
0.000000000000000000e+00
0.000000000000000000e+00
0.000000000000000000e+00
0.000000000000000000e+00
0.000000000000000000e+00
0.000000000000000000e+00
0.000000000000000000e+00
0.000000000000000000e+00
0.000000000000000000e+00
0.000000000000000000e+00
0.000000000000000000e+00
0.000000000000000000e+00
0.000000000000000000e+00
0.000000000000000000e+00
0.000000000000000000e+00
0.000000000000000000e+00
0.000000000000000000e+00
0.000000000000000000e+00
0.000000000000000000e+00
0.000000000000000000e+00
0.000000000000000000e+00
0.000000000000000000e+00
0.000000000000000000e+00
0.000000000000000000e+00
0.000000000000000000e+00
0.000000000000000000e+00
0.000000000000000000e+00
0.000000000000000000e+00
0.000000000000000000e+00
0.000000000000000000e+00
0.000000000000000000e+00
0.000000000000000000e+00
0.000000000000000000e+00
0.000000000000000000e+00
0.000000000000000000e+00
0.000000000000000000e+00
0.000000000000000000e+00
0.000000000000000000e+00
0.000000000000000000e+00
0.000000000000000000e+00
0.000000000000000000e+00
0.000000000000000000e+00
0.000000000000000000e+00
0.000000000000000000e+00
0.000000000000000000e+00
0.000000000000000000e+00
0.000000000000000000e+00
0.000000000000000000e+00
