0.000000000000000000e+00
0.000000000000000000e+00
0.000000000000000000e+00
0.000000000000000000e+00
0.000000000000000000e+00
0.000000000000000000e+00
0.000000000000000000e+00
0.000000000000000000e+00
0.000000000000000000e+00
0.000000000000000000e+00
0.000000000000000000e+00
0.000000000000000000e+00
0.000000000000000000e+00
0.000000000000000000e+00
0.000000000000000000e+00
0.000000000000000000e+00
0.000000000000000000e+00
0.000000000000000000e+00
0.000000000000000000e+00
0.000000000000000000e+00
0.000000000000000000e+00
0.000000000000000000e+00
0.000000000000000000e+00
0.000000000000000000e+00
0.000000000000000000e+00
0.000000000000000000e+00
0.000000000000000000e+00
4.000000000000000000e+01
3.600000000000000000e+02
5.940000000000000000e+02
6.880000000000000000e+02
7.690000000000000000e+02
8.320000000000000000e+02
8.420000000000000000e+02
8.480000000000000000e+02
8.530000000000000000e+02
8.560000000000000000e+02
8.530000000000000000e+02
8.560000000000000000e+02
8.530000000000000000e+02
8.550000000000000000e+02
8.570000000000000000e+02
8.570000000000000000e+02
8.550000000000000000e+02
8.600000000000000000e+02
8.580000000000000000e+02
8.570000000000000000e+02
8.610000000000000000e+02
8.560000000000000000e+02
8.600000000000000000e+02
8.590000000000000000e+02
8.610000000000000000e+02
8.590000000000000000e+02
8.620000000000000000e+02
8.590000000000000000e+02
8.600000000000000000e+02
8.610000000000000000e+02
8.620000000000000000e+02
8.570000000000000000e+02
8.670000000000000000e+02
8.570000000000000000e+02
8.630000000000000000e+02
8.590000000000000000e+02
8.660000000000000000e+02
8.560000000000000000e+02
8.660000000000000000e+02
8.590000000000000000e+02
8.630000000000000000e+02
8.630000000000000000e+02
8.640000000000000000e+02
8.600000000000000000e+02
8.660000000000000000e+02
8.630000000000000000e+02
8.650000000000000000e+02
8.630000000000000000e+02
8.680000000000000000e+02
8.580000000000000000e+02
8.680000000000000000e+02
8.580000000000000000e+02
8.650000000000000000e+02
8.640000000000000000e+02
8.650000000000000000e+02
8.630000000000000000e+02
8.670000000000000000e+02
8.620000000000000000e+02
8.600000000000000000e+02
8.490000000000000000e+02
8.220000000000000000e+02
5.170000000000000000e+02
1.090000000000000000e+02
0.000000000000000000e+00
0.000000000000000000e+00
0.000000000000000000e+00
0.000000000000000000e+00
0.000000000000000000e+00
0.000000000000000000e+00
0.000000000000000000e+00
0.000000000000000000e+00
0.000000000000000000e+00
0.000000000000000000e+00
0.000000000000000000e+00
0.000000000000000000e+00
0.000000000000000000e+00
0.000000000000000000e+00
0.000000000000000000e+00
0.000000000000000000e+00
0.000000000000000000e+00
0.000000000000000000e+00
0.000000000000000000e+00
0.000000000000000000e+00
0.000000000000000000e+00
0.000000000000000000e+00
0.000000000000000000e+00
0.000000000000000000e+00
0.000000000000000000e+00
0.000000000000000000e+00
0.000000000000000000e+00
0.000000000000000000e+00
0.000000000000000000e+00
0.000000000000000000e+00
0.000000000000000000e+00
0.000000000000000000e+00
0.000000000000000000e+00
0.000000000000000000e+00
0.000000000000000000e+00
0.000000000000000000e+00
0.000000000000000000e+00
0.000000000000000000e+00
0.000000000000000000e+00
0.000000000000000000e+00
0.000000000000000000e+00
2.680000000000000000e+02
5.280000000000000000e+02
6.430000000000000000e+02
7.170000000000000000e+02
7.680000000000000000e+02
8.000000000000000000e+02
8.050000000000000000e+02
8.260000000000000000e+02
8.480000000000000000e+02
8.480000000000000000e+02
8.480000000000000000e+02
8.500000000000000000e+02
8.550000000000000000e+02
8.530000000000000000e+02
8.490000000000000000e+02
8.640000000000000000e+02
8.470000000000000000e+02
8.650000000000000000e+02
8.540000000000000000e+02
8.640000000000000000e+02
8.520000000000000000e+02
8.630000000000000000e+02
8.570000000000000000e+02
8.630000000000000000e+02
8.610000000000000000e+02
8.610000000000000000e+02
8.640000000000000000e+02
8.610000000000000000e+02
8.640000000000000000e+02
8.600000000000000000e+02
8.670000000000000000e+02
8.580000000000000000e+02
8.650000000000000000e+02
8.610000000000000000e+02
8.630000000000000000e+02
8.650000000000000000e+02
8.640000000000000000e+02
8.660000000000000000e+02
8.640000000000000000e+02
8.650000000000000000e+02
8.630000000000000000e+02
8.660000000000000000e+02
8.660000000000000000e+02
8.660000000000000000e+02
8.660000000000000000e+02
8.660000000000000000e+02
8.650000000000000000e+02
8.680000000000000000e+02
8.630000000000000000e+02
8.690000000000000000e+02
8.640000000000000000e+02
8.670000000000000000e+02
8.650000000000000000e+02
8.680000000000000000e+02
8.670000000000000000e+02
8.650000000000000000e+02
8.700000000000000000e+02
8.650000000000000000e+02
8.680000000000000000e+02
8.670000000000000000e+02
8.690000000000000000e+02
8.650000000000000000e+02
8.670000000000000000e+02
8.690000000000000000e+02
8.650000000000000000e+02
8.690000000000000000e+02
8.660000000000000000e+02
8.690000000000000000e+02
8.670000000000000000e+02
8.700000000000000000e+02
8.660000000000000000e+02
8.700000000000000000e+02
8.660000000000000000e+02
8.690000000000000000e+02
8.660000000000000000e+02
8.650000000000000000e+02
8.520000000000000000e+02
5.060000000000000000e+02
0.000000000000000000e+00
0.000000000000000000e+00
0.000000000000000000e+00
0.000000000000000000e+00
0.000000000000000000e+00
0.000000000000000000e+00
0.000000000000000000e+00
0.000000000000000000e+00
0.000000000000000000e+00
0.000000000000000000e+00
0.000000000000000000e+00
0.000000000000000000e+00
0.000000000000000000e+00
0.000000000000000000e+00
0.000000000000000000e+00
0.000000000000000000e+00
0.000000000000000000e+00
0.000000000000000000e+00
0.000000000000000000e+00
0.000000000000000000e+00
0.000000000000000000e+00
0.000000000000000000e+00
0.000000000000000000e+00
0.000000000000000000e+00
0.000000000000000000e+00
0.000000000000000000e+00
0.000000000000000000e+00
0.000000000000000000e+00
0.000000000000000000e+00
0.000000000000000000e+00
0.000000000000000000e+00
0.000000000000000000e+00
0.000000000000000000e+00
0.000000000000000000e+00
0.000000000000000000e+00
0.000000000000000000e+00
0.000000000000000000e+00
0.000000000000000000e+00
0.000000000000000000e+00
0.000000000000000000e+00
0.000000000000000000e+00
0.000000000000000000e+00
0.000000000000000000e+00
0.000000000000000000e+00
0.000000000000000000e+00
0.000000000000000000e+00
0.000000000000000000e+00
0.000000000000000000e+00
0.000000000000000000e+00
0.000000000000000000e+00
0.000000000000000000e+00
0.000000000000000000e+00
0.000000000000000000e+00
0.000000000000000000e+00
0.000000000000000000e+00
0.000000000000000000e+00
0.000000000000000000e+00
0.000000000000000000e+00
0.000000000000000000e+00
0.000000000000000000e+00
0.000000000000000000e+00
0.000000000000000000e+00
0.000000000000000000e+00
0.000000000000000000e+00
0.000000000000000000e+00
0.000000000000000000e+00
0.000000000000000000e+00
0.000000000000000000e+00
0.000000000000000000e+00
0.000000000000000000e+00
0.000000000000000000e+00
0.000000000000000000e+00
0.000000000000000000e+00
0.000000000000000000e+00
0.000000000000000000e+00
0.000000000000000000e+00
0.000000000000000000e+00
0.000000000000000000e+00
0.000000000000000000e+00
0.000000000000000000e+00
0.000000000000000000e+00
0.000000000000000000e+00
0.000000000000000000e+00
0.000000000000000000e+00
0.000000000000000000e+00
0.000000000000000000e+00
0.000000000000000000e+00
0.000000000000000000e+00
0.000000000000000000e+00
0.000000000000000000e+00
0.000000000000000000e+00
