0.000000000000000000e+00
0.000000000000000000e+00
0.000000000000000000e+00
0.000000000000000000e+00
0.000000000000000000e+00
0.000000000000000000e+00
0.000000000000000000e+00
0.000000000000000000e+00
0.000000000000000000e+00
0.000000000000000000e+00
0.000000000000000000e+00
0.000000000000000000e+00
0.000000000000000000e+00
0.000000000000000000e+00
0.000000000000000000e+00
0.000000000000000000e+00
0.000000000000000000e+00
0.000000000000000000e+00
0.000000000000000000e+00
0.000000000000000000e+00
0.000000000000000000e+00
0.000000000000000000e+00
0.000000000000000000e+00
0.000000000000000000e+00
0.000000000000000000e+00
0.000000000000000000e+00
0.000000000000000000e+00
0.000000000000000000e+00
0.000000000000000000e+00
0.000000000000000000e+00
0.000000000000000000e+00
0.000000000000000000e+00
0.000000000000000000e+00
0.000000000000000000e+00
0.000000000000000000e+00
0.000000000000000000e+00
0.000000000000000000e+00
0.000000000000000000e+00
0.000000000000000000e+00
0.000000000000000000e+00
0.000000000000000000e+00
0.000000000000000000e+00
0.000000000000000000e+00
0.000000000000000000e+00
0.000000000000000000e+00
0.000000000000000000e+00
0.000000000000000000e+00
0.000000000000000000e+00
0.000000000000000000e+00
0.000000000000000000e+00
0.000000000000000000e+00
0.000000000000000000e+00
0.000000000000000000e+00
0.000000000000000000e+00
0.000000000000000000e+00
0.000000000000000000e+00
0.000000000000000000e+00
0.000000000000000000e+00
0.000000000000000000e+00
0.000000000000000000e+00
0.000000000000000000e+00
0.000000000000000000e+00
0.000000000000000000e+00
0.000000000000000000e+00
0.000000000000000000e+00
0.000000000000000000e+00
1.820000000000000000e+02
5.200000000000000000e+02
7.060000000000000000e+02
7.450000000000000000e+02
7.720000000000000000e+02
8.220000000000000000e+02
8.330000000000000000e+02
8.400000000000000000e+02
8.410000000000000000e+02
8.430000000000000000e+02
8.470000000000000000e+02
8.510000000000000000e+02
8.660000000000000000e+02
8.650000000000000000e+02
8.700000000000000000e+02
8.690000000000000000e+02
8.690000000000000000e+02
8.680000000000000000e+02
8.730000000000000000e+02
8.680000000000000000e+02
8.590000000000000000e+02
8.640000000000000000e+02
8.670000000000000000e+02
8.700000000000000000e+02
8.650000000000000000e+02
8.660000000000000000e+02
8.690000000000000000e+02
8.710000000000000000e+02
8.680000000000000000e+02
8.690000000000000000e+02
8.700000000000000000e+02
8.720000000000000000e+02
8.710000000000000000e+02
8.710000000000000000e+02
8.710000000000000000e+02
8.720000000000000000e+02
8.720000000000000000e+02
8.710000000000000000e+02
8.720000000000000000e+02
8.720000000000000000e+02
8.730000000000000000e+02
8.730000000000000000e+02
8.730000000000000000e+02
8.740000000000000000e+02
8.740000000000000000e+02
8.730000000000000000e+02
8.730000000000000000e+02
8.730000000000000000e+02
8.740000000000000000e+02
8.740000000000000000e+02
8.730000000000000000e+02
8.730000000000000000e+02
8.740000000000000000e+02
8.730000000000000000e+02
8.750000000000000000e+02
8.740000000000000000e+02
8.750000000000000000e+02
8.750000000000000000e+02
8.750000000000000000e+02
8.750000000000000000e+02
8.750000000000000000e+02
8.750000000000000000e+02
8.750000000000000000e+02
8.760000000000000000e+02
8.760000000000000000e+02
8.760000000000000000e+02
8.750000000000000000e+02
8.760000000000000000e+02
8.760000000000000000e+02
8.750000000000000000e+02
8.750000000000000000e+02
8.650000000000000000e+02
8.680000000000000000e+02
8.470000000000000000e+02
8.600000000000000000e+02
8.560000000000000000e+02
8.390000000000000000e+02
8.340000000000000000e+02
8.640000000000000000e+02
8.490000000000000000e+02
7.340000000000000000e+02
2.360000000000000000e+02
2.900000000000000000e+01
0.000000000000000000e+00
0.000000000000000000e+00
0.000000000000000000e+00
0.000000000000000000e+00
0.000000000000000000e+00
0.000000000000000000e+00
0.000000000000000000e+00
0.000000000000000000e+00
0.000000000000000000e+00
0.000000000000000000e+00
0.000000000000000000e+00
0.000000000000000000e+00
0.000000000000000000e+00
0.000000000000000000e+00
0.000000000000000000e+00
0.000000000000000000e+00
0.000000000000000000e+00
0.000000000000000000e+00
0.000000000000000000e+00
0.000000000000000000e+00
0.000000000000000000e+00
0.000000000000000000e+00
0.000000000000000000e+00
0.000000000000000000e+00
0.000000000000000000e+00
0.000000000000000000e+00
0.000000000000000000e+00
0.000000000000000000e+00
0.000000000000000000e+00
0.000000000000000000e+00
0.000000000000000000e+00
0.000000000000000000e+00
0.000000000000000000e+00
0.000000000000000000e+00
0.000000000000000000e+00
0.000000000000000000e+00
0.000000000000000000e+00
0.000000000000000000e+00
0.000000000000000000e+00
0.000000000000000000e+00
0.000000000000000000e+00
0.000000000000000000e+00
8.000000000000000000e+00
2.540000000000000000e+02
7.230000000000000000e+02
7.410000000000000000e+02
6.940000000000000000e+02
7.350000000000000000e+02
7.630000000000000000e+02
7.750000000000000000e+02
8.050000000000000000e+02
8.410000000000000000e+02
8.440000000000000000e+02
8.450000000000000000e+02
8.490000000000000000e+02
8.480000000000000000e+02
8.450000000000000000e+02
8.510000000000000000e+02
8.350000000000000000e+02
8.510000000000000000e+02
8.510000000000000000e+02
8.510000000000000000e+02
8.430000000000000000e+02
8.550000000000000000e+02
8.520000000000000000e+02
8.450000000000000000e+02
8.520000000000000000e+02
8.530000000000000000e+02
8.530000000000000000e+02
8.480000000000000000e+02
8.580000000000000000e+02
8.540000000000000000e+02
8.490000000000000000e+02
8.540000000000000000e+02
8.570000000000000000e+02
8.540000000000000000e+02
8.560000000000000000e+02
8.560000000000000000e+02
8.580000000000000000e+02
8.530000000000000000e+02
8.570000000000000000e+02
8.570000000000000000e+02
8.560000000000000000e+02
8.570000000000000000e+02
8.570000000000000000e+02
8.580000000000000000e+02
8.560000000000000000e+02
8.580000000000000000e+02
8.580000000000000000e+02
8.570000000000000000e+02
8.570000000000000000e+02
8.580000000000000000e+02
8.570000000000000000e+02
8.560000000000000000e+02
8.580000000000000000e+02
8.580000000000000000e+02
8.570000000000000000e+02
8.590000000000000000e+02
8.590000000000000000e+02
8.570000000000000000e+02
8.580000000000000000e+02
8.580000000000000000e+02
8.570000000000000000e+02
8.580000000000000000e+02
8.570000000000000000e+02
8.590000000000000000e+02
8.560000000000000000e+02
8.590000000000000000e+02
8.580000000000000000e+02
8.590000000000000000e+02
8.570000000000000000e+02
8.600000000000000000e+02
8.610000000000000000e+02
8.620000000000000000e+02
8.580000000000000000e+02
8.610000000000000000e+02
8.480000000000000000e+02
7.970000000000000000e+02
5.440000000000000000e+02
0.000000000000000000e+00
0.000000000000000000e+00
0.000000000000000000e+00
0.000000000000000000e+00
0.000000000000000000e+00
0.000000000000000000e+00
0.000000000000000000e+00
0.000000000000000000e+00
0.000000000000000000e+00
0.000000000000000000e+00
0.000000000000000000e+00
0.000000000000000000e+00
0.000000000000000000e+00
0.000000000000000000e+00
0.000000000000000000e+00
0.000000000000000000e+00
0.000000000000000000e+00
0.000000000000000000e+00
0.000000000000000000e+00
0.000000000000000000e+00
0.000000000000000000e+00
0.000000000000000000e+00
0.000000000000000000e+00
0.000000000000000000e+00
0.000000000000000000e+00
0.000000000000000000e+00
0.000000000000000000e+00
0.000000000000000000e+00
0.000000000000000000e+00
0.000000000000000000e+00
0.000000000000000000e+00
0.000000000000000000e+00
