0.000000000000000000e+00
0.000000000000000000e+00
0.000000000000000000e+00
0.000000000000000000e+00
0.000000000000000000e+00
0.000000000000000000e+00
0.000000000000000000e+00
0.000000000000000000e+00
0.000000000000000000e+00
0.000000000000000000e+00
0.000000000000000000e+00
0.000000000000000000e+00
0.000000000000000000e+00
0.000000000000000000e+00
0.000000000000000000e+00
0.000000000000000000e+00
0.000000000000000000e+00
0.000000000000000000e+00
0.000000000000000000e+00
0.000000000000000000e+00
0.000000000000000000e+00
0.000000000000000000e+00
0.000000000000000000e+00
0.000000000000000000e+00
0.000000000000000000e+00
0.000000000000000000e+00
0.000000000000000000e+00
0.000000000000000000e+00
0.000000000000000000e+00
0.000000000000000000e+00
0.000000000000000000e+00
0.000000000000000000e+00
0.000000000000000000e+00
0.000000000000000000e+00
0.000000000000000000e+00
0.000000000000000000e+00
0.000000000000000000e+00
0.000000000000000000e+00
0.000000000000000000e+00
0.000000000000000000e+00
0.000000000000000000e+00
0.000000000000000000e+00
0.000000000000000000e+00
0.000000000000000000e+00
0.000000000000000000e+00
0.000000000000000000e+00
0.000000000000000000e+00
0.000000000000000000e+00
0.000000000000000000e+00
0.000000000000000000e+00
0.000000000000000000e+00
0.000000000000000000e+00
0.000000000000000000e+00
0.000000000000000000e+00
0.000000000000000000e+00
0.000000000000000000e+00
0.000000000000000000e+00
1.320000000000000000e+02
3.650000000000000000e+02
6.300000000000000000e+02
7.530000000000000000e+02
7.970000000000000000e+02
8.350000000000000000e+02
8.500000000000000000e+02
8.360000000000000000e+02
8.550000000000000000e+02
8.450000000000000000e+02
8.390000000000000000e+02
8.500000000000000000e+02
8.510000000000000000e+02
8.630000000000000000e+02
8.490000000000000000e+02
8.470000000000000000e+02
8.510000000000000000e+02
8.670000000000000000e+02
8.560000000000000000e+02
8.530000000000000000e+02
8.640000000000000000e+02
8.640000000000000000e+02
8.670000000000000000e+02
8.580000000000000000e+02
8.640000000000000000e+02
8.660000000000000000e+02
8.670000000000000000e+02
8.660000000000000000e+02
8.620000000000000000e+02
8.680000000000000000e+02
8.700000000000000000e+02
8.640000000000000000e+02
8.670000000000000000e+02
8.650000000000000000e+02
8.710000000000000000e+02
8.670000000000000000e+02
8.670000000000000000e+02
8.620000000000000000e+02
8.670000000000000000e+02
8.670000000000000000e+02
8.670000000000000000e+02
8.690000000000000000e+02
8.690000000000000000e+02
8.670000000000000000e+02
8.710000000000000000e+02
8.670000000000000000e+02
8.690000000000000000e+02
8.710000000000000000e+02
8.700000000000000000e+02
8.690000000000000000e+02
8.700000000000000000e+02
8.730000000000000000e+02
8.700000000000000000e+02
8.690000000000000000e+02
8.710000000000000000e+02
8.720000000000000000e+02
8.710000000000000000e+02
8.690000000000000000e+02
8.710000000000000000e+02
8.730000000000000000e+02
8.710000000000000000e+02
8.720000000000000000e+02
8.700000000000000000e+02
8.710000000000000000e+02
8.730000000000000000e+02
8.710000000000000000e+02
8.680000000000000000e+02
8.630000000000000000e+02
8.560000000000000000e+02
0.000000000000000000e+00
0.000000000000000000e+00
0.000000000000000000e+00
0.000000000000000000e+00
0.000000000000000000e+00
0.000000000000000000e+00
0.000000000000000000e+00
0.000000000000000000e+00
0.000000000000000000e+00
0.000000000000000000e+00
0.000000000000000000e+00
0.000000000000000000e+00
0.000000000000000000e+00
0.000000000000000000e+00
0.000000000000000000e+00
0.000000000000000000e+00
0.000000000000000000e+00
0.000000000000000000e+00
0.000000000000000000e+00
0.000000000000000000e+00
0.000000000000000000e+00
0.000000000000000000e+00
0.000000000000000000e+00
0.000000000000000000e+00
0.000000000000000000e+00
0.000000000000000000e+00
0.000000000000000000e+00
0.000000000000000000e+00
0.000000000000000000e+00
0.000000000000000000e+00
0.000000000000000000e+00
0.000000000000000000e+00
0.000000000000000000e+00
0.000000000000000000e+00
0.000000000000000000e+00
0.000000000000000000e+00
0.000000000000000000e+00
0.000000000000000000e+00
0.000000000000000000e+00
0.000000000000000000e+00
0.000000000000000000e+00
0.000000000000000000e+00
0.000000000000000000e+00
0.000000000000000000e+00
0.000000000000000000e+00
8.300000000000000000e+01
3.890000000000000000e+02
5.900000000000000000e+02
7.090000000000000000e+02
7.150000000000000000e+02
6.630000000000000000e+02
6.300000000000000000e+02
6.370000000000000000e+02
7.540000000000000000e+02
8.350000000000000000e+02
8.210000000000000000e+02
8.600000000000000000e+02
8.800000000000000000e+02
8.890000000000000000e+02
8.940000000000000000e+02
8.910000000000000000e+02
8.890000000000000000e+02
8.940000000000000000e+02
8.930000000000000000e+02
8.950000000000000000e+02
8.960000000000000000e+02
8.940000000000000000e+02
8.940000000000000000e+02
8.960000000000000000e+02
8.950000000000000000e+02
8.980000000000000000e+02
8.940000000000000000e+02
8.950000000000000000e+02
8.960000000000000000e+02
8.960000000000000000e+02
8.980000000000000000e+02
8.990000000000000000e+02
8.960000000000000000e+02
8.970000000000000000e+02
8.990000000000000000e+02
8.980000000000000000e+02
8.990000000000000000e+02
8.970000000000000000e+02
8.990000000000000000e+02
8.980000000000000000e+02
8.980000000000000000e+02
9.000000000000000000e+02
8.990000000000000000e+02
8.980000000000000000e+02
8.990000000000000000e+02
8.980000000000000000e+02
8.980000000000000000e+02
9.000000000000000000e+02
9.000000000000000000e+02
9.000000000000000000e+02
8.990000000000000000e+02
9.000000000000000000e+02
8.990000000000000000e+02
9.000000000000000000e+02
9.000000000000000000e+02
9.010000000000000000e+02
9.000000000000000000e+02
9.010000000000000000e+02
9.000000000000000000e+02
9.000000000000000000e+02
9.010000000000000000e+02
9.010000000000000000e+02
9.010000000000000000e+02
9.000000000000000000e+02
8.990000000000000000e+02
9.000000000000000000e+02
9.020000000000000000e+02
8.910000000000000000e+02
0.000000000000000000e+00
0.000000000000000000e+00
0.000000000000000000e+00
0.000000000000000000e+00
0.000000000000000000e+00
0.000000000000000000e+00
0.000000000000000000e+00
0.000000000000000000e+00
0.000000000000000000e+00
0.000000000000000000e+00
0.000000000000000000e+00
0.000000000000000000e+00
0.000000000000000000e+00
0.000000000000000000e+00
0.000000000000000000e+00
0.000000000000000000e+00
0.000000000000000000e+00
0.000000000000000000e+00
0.000000000000000000e+00
0.000000000000000000e+00
0.000000000000000000e+00
0.000000000000000000e+00
0.000000000000000000e+00
0.000000000000000000e+00
0.000000000000000000e+00
0.000000000000000000e+00
0.000000000000000000e+00
0.000000000000000000e+00
0.000000000000000000e+00
0.000000000000000000e+00
0.000000000000000000e+00
0.000000000000000000e+00
0.000000000000000000e+00
0.000000000000000000e+00
0.000000000000000000e+00
0.000000000000000000e+00
0.000000000000000000e+00
0.000000000000000000e+00
0.000000000000000000e+00
0.000000000000000000e+00
0.000000000000000000e+00
0.000000000000000000e+00
0.000000000000000000e+00
0.000000000000000000e+00
0.000000000000000000e+00
0.000000000000000000e+00
0.000000000000000000e+00
0.000000000000000000e+00
0.000000000000000000e+00
0.000000000000000000e+00
0.000000000000000000e+00
0.000000000000000000e+00
0.000000000000000000e+00
0.000000000000000000e+00
0.000000000000000000e+00
0.000000000000000000e+00
0.000000000000000000e+00
0.000000000000000000e+00
0.000000000000000000e+00
0.000000000000000000e+00
0.000000000000000000e+00
