0.000000000000000000e+00
0.000000000000000000e+00
0.000000000000000000e+00
0.000000000000000000e+00
0.000000000000000000e+00
0.000000000000000000e+00
0.000000000000000000e+00
0.000000000000000000e+00
0.000000000000000000e+00
0.000000000000000000e+00
0.000000000000000000e+00
0.000000000000000000e+00
0.000000000000000000e+00
0.000000000000000000e+00
0.000000000000000000e+00
0.000000000000000000e+00
0.000000000000000000e+00
0.000000000000000000e+00
0.000000000000000000e+00
0.000000000000000000e+00
0.000000000000000000e+00
0.000000000000000000e+00
0.000000000000000000e+00
0.000000000000000000e+00
0.000000000000000000e+00
0.000000000000000000e+00
0.000000000000000000e+00
0.000000000000000000e+00
0.000000000000000000e+00
0.000000000000000000e+00
0.000000000000000000e+00
0.000000000000000000e+00
0.000000000000000000e+00
0.000000000000000000e+00
0.000000000000000000e+00
2.190000000000000000e+02
4.000000000000000000e+02
6.220000000000000000e+02
6.610000000000000000e+02
6.630000000000000000e+02
7.430000000000000000e+02
7.860000000000000000e+02
7.830000000000000000e+02
7.970000000000000000e+02
8.280000000000000000e+02
7.980000000000000000e+02
8.270000000000000000e+02
8.130000000000000000e+02
8.010000000000000000e+02
8.180000000000000000e+02
8.020000000000000000e+02
8.260000000000000000e+02
8.680000000000000000e+02
8.270000000000000000e+02
8.580000000000000000e+02
8.510000000000000000e+02
8.710000000000000000e+02
8.330000000000000000e+02
8.570000000000000000e+02
8.610000000000000000e+02
8.480000000000000000e+02
8.530000000000000000e+02
8.590000000000000000e+02
8.640000000000000000e+02
8.430000000000000000e+02
8.610000000000000000e+02
8.590000000000000000e+02
8.520000000000000000e+02
8.570000000000000000e+02
8.640000000000000000e+02
8.550000000000000000e+02
8.540000000000000000e+02
8.630000000000000000e+02
8.590000000000000000e+02
8.550000000000000000e+02
8.630000000000000000e+02
8.610000000000000000e+02
8.580000000000000000e+02
8.600000000000000000e+02
8.640000000000000000e+02
8.570000000000000000e+02
8.630000000000000000e+02
8.620000000000000000e+02
8.630000000000000000e+02
8.600000000000000000e+02
8.640000000000000000e+02
8.640000000000000000e+02
8.570000000000000000e+02
8.650000000000000000e+02
8.610000000000000000e+02
8.640000000000000000e+02
8.620000000000000000e+02
8.650000000000000000e+02
8.580000000000000000e+02
8.640000000000000000e+02
8.640000000000000000e+02
8.650000000000000000e+02
8.610000000000000000e+02
8.650000000000000000e+02
8.630000000000000000e+02
8.650000000000000000e+02
8.640000000000000000e+02
8.660000000000000000e+02
8.630000000000000000e+02
8.630000000000000000e+02
8.670000000000000000e+02
8.650000000000000000e+02
8.640000000000000000e+02
8.650000000000000000e+02
8.640000000000000000e+02
8.660000000000000000e+02
8.710000000000000000e+02
8.640000000000000000e+02
8.700000000000000000e+02
8.720000000000000000e+02
8.890000000000000000e+02
8.090000000000000000e+02
0.000000000000000000e+00
1.500000000000000000e+01
0.000000000000000000e+00
0.000000000000000000e+00
0.000000000000000000e+00
0.000000000000000000e+00
0.000000000000000000e+00
0.000000000000000000e+00
0.000000000000000000e+00
0.000000000000000000e+00
0.000000000000000000e+00
0.000000000000000000e+00
0.000000000000000000e+00
0.000000000000000000e+00
0.000000000000000000e+00
0.000000000000000000e+00
0.000000000000000000e+00
0.000000000000000000e+00
0.000000000000000000e+00
0.000000000000000000e+00
0.000000000000000000e+00
0.000000000000000000e+00
0.000000000000000000e+00
0.000000000000000000e+00
0.000000000000000000e+00
0.000000000000000000e+00
0.000000000000000000e+00
0.000000000000000000e+00
0.000000000000000000e+00
0.000000000000000000e+00
0.000000000000000000e+00
0.000000000000000000e+00
0.000000000000000000e+00
0.000000000000000000e+00
0.000000000000000000e+00
0.000000000000000000e+00
0.000000000000000000e+00
0.000000000000000000e+00
0.000000000000000000e+00
0.000000000000000000e+00
1.310000000000000000e+02
4.270000000000000000e+02
5.030000000000000000e+02
5.660000000000000000e+02
5.730000000000000000e+02
6.150000000000000000e+02
6.750000000000000000e+02
7.180000000000000000e+02
6.920000000000000000e+02
7.050000000000000000e+02
7.290000000000000000e+02
7.320000000000000000e+02
6.960000000000000000e+02
7.250000000000000000e+02
7.340000000000000000e+02
7.290000000000000000e+02
7.190000000000000000e+02
7.350000000000000000e+02
7.260000000000000000e+02
7.200000000000000000e+02
7.360000000000000000e+02
7.370000000000000000e+02
7.240000000000000000e+02
7.350000000000000000e+02
7.390000000000000000e+02
7.360000000000000000e+02
7.320000000000000000e+02
7.390000000000000000e+02
7.420000000000000000e+02
7.290000000000000000e+02
7.400000000000000000e+02
7.410000000000000000e+02
7.440000000000000000e+02
7.300000000000000000e+02
7.410000000000000000e+02
7.390000000000000000e+02
7.420000000000000000e+02
7.340000000000000000e+02
7.430000000000000000e+02
7.430000000000000000e+02
7.460000000000000000e+02
7.440000000000000000e+02
7.460000000000000000e+02
7.430000000000000000e+02
7.470000000000000000e+02
7.440000000000000000e+02
7.460000000000000000e+02
7.440000000000000000e+02
7.410000000000000000e+02
7.460000000000000000e+02
7.460000000000000000e+02
7.470000000000000000e+02
7.470000000000000000e+02
7.480000000000000000e+02
7.450000000000000000e+02
7.400000000000000000e+02
7.470000000000000000e+02
7.510000000000000000e+02
4.390000000000000000e+02
0.000000000000000000e+00
0.000000000000000000e+00
0.000000000000000000e+00
0.000000000000000000e+00
0.000000000000000000e+00
0.000000000000000000e+00
0.000000000000000000e+00
0.000000000000000000e+00
0.000000000000000000e+00
0.000000000000000000e+00
0.000000000000000000e+00
0.000000000000000000e+00
0.000000000000000000e+00
0.000000000000000000e+00
0.000000000000000000e+00
0.000000000000000000e+00
0.000000000000000000e+00
0.000000000000000000e+00
0.000000000000000000e+00
0.000000000000000000e+00
0.000000000000000000e+00
0.000000000000000000e+00
0.000000000000000000e+00
0.000000000000000000e+00
0.000000000000000000e+00
0.000000000000000000e+00
0.000000000000000000e+00
0.000000000000000000e+00
0.000000000000000000e+00
0.000000000000000000e+00
0.000000000000000000e+00
0.000000000000000000e+00
0.000000000000000000e+00
0.000000000000000000e+00
0.000000000000000000e+00
0.000000000000000000e+00
0.000000000000000000e+00
0.000000000000000000e+00
0.000000000000000000e+00
0.000000000000000000e+00
0.000000000000000000e+00
0.000000000000000000e+00
0.000000000000000000e+00
0.000000000000000000e+00
0.000000000000000000e+00
0.000000000000000000e+00
0.000000000000000000e+00
0.000000000000000000e+00
0.000000000000000000e+00
0.000000000000000000e+00
0.000000000000000000e+00
0.000000000000000000e+00
0.000000000000000000e+00
0.000000000000000000e+00
0.000000000000000000e+00
0.000000000000000000e+00
0.000000000000000000e+00
0.000000000000000000e+00
0.000000000000000000e+00
0.000000000000000000e+00
0.000000000000000000e+00
0.000000000000000000e+00
0.000000000000000000e+00
0.000000000000000000e+00
0.000000000000000000e+00
0.000000000000000000e+00
0.000000000000000000e+00
0.000000000000000000e+00
0.000000000000000000e+00
0.000000000000000000e+00
0.000000000000000000e+00
0.000000000000000000e+00
0.000000000000000000e+00
0.000000000000000000e+00
0.000000000000000000e+00
0.000000000000000000e+00
0.000000000000000000e+00
0.000000000000000000e+00
0.000000000000000000e+00
0.000000000000000000e+00
0.000000000000000000e+00
0.000000000000000000e+00
0.000000000000000000e+00
0.000000000000000000e+00
