0.000000000000000000e+00
0.000000000000000000e+00
0.000000000000000000e+00
0.000000000000000000e+00
0.000000000000000000e+00
0.000000000000000000e+00
0.000000000000000000e+00
0.000000000000000000e+00
0.000000000000000000e+00
0.000000000000000000e+00
0.000000000000000000e+00
0.000000000000000000e+00
0.000000000000000000e+00
0.000000000000000000e+00
0.000000000000000000e+00
0.000000000000000000e+00
0.000000000000000000e+00
0.000000000000000000e+00
0.000000000000000000e+00
0.000000000000000000e+00
0.000000000000000000e+00
0.000000000000000000e+00
0.000000000000000000e+00
0.000000000000000000e+00
0.000000000000000000e+00
0.000000000000000000e+00
0.000000000000000000e+00
0.000000000000000000e+00
0.000000000000000000e+00
0.000000000000000000e+00
0.000000000000000000e+00
0.000000000000000000e+00
0.000000000000000000e+00
0.000000000000000000e+00
0.000000000000000000e+00
0.000000000000000000e+00
0.000000000000000000e+00
2.500000000000000000e+02
2.620000000000000000e+02
5.880000000000000000e+02
6.520000000000000000e+02
6.170000000000000000e+02
7.010000000000000000e+02
7.550000000000000000e+02
7.660000000000000000e+02
7.660000000000000000e+02
8.350000000000000000e+02
8.560000000000000000e+02
8.040000000000000000e+02
7.140000000000000000e+02
6.660000000000000000e+02
7.330000000000000000e+02
7.790000000000000000e+02
8.030000000000000000e+02
8.120000000000000000e+02
7.770000000000000000e+02
7.750000000000000000e+02
7.600000000000000000e+02
7.930000000000000000e+02
8.020000000000000000e+02
8.000000000000000000e+02
8.060000000000000000e+02
7.870000000000000000e+02
7.810000000000000000e+02
7.980000000000000000e+02
8.010000000000000000e+02
8.020000000000000000e+02
8.030000000000000000e+02
7.890000000000000000e+02
8.040000000000000000e+02
7.890000000000000000e+02
8.070000000000000000e+02
7.960000000000000000e+02
7.950000000000000000e+02
8.070000000000000000e+02
7.960000000000000000e+02
8.040000000000000000e+02
8.020000000000000000e+02
7.890000000000000000e+02
8.080000000000000000e+02
8.040000000000000000e+02
8.050000000000000000e+02
8.060000000000000000e+02
7.890000000000000000e+02
8.050000000000000000e+02
7.980000000000000000e+02
8.100000000000000000e+02
8.000000000000000000e+02
8.050000000000000000e+02
8.030000000000000000e+02
7.990000000000000000e+02
8.090000000000000000e+02
8.100000000000000000e+02
8.080000000000000000e+02
8.100000000000000000e+02
7.950000000000000000e+02
8.050000000000000000e+02
8.060000000000000000e+02
8.090000000000000000e+02
8.090000000000000000e+02
8.050000000000000000e+02
8.040000000000000000e+02
8.070000000000000000e+02
8.050000000000000000e+02
8.110000000000000000e+02
8.090000000000000000e+02
8.050000000000000000e+02
8.060000000000000000e+02
8.070000000000000000e+02
8.080000000000000000e+02
8.080000000000000000e+02
8.060000000000000000e+02
8.090000000000000000e+02
8.020000000000000000e+02
8.090000000000000000e+02
6.560000000000000000e+02
5.380000000000000000e+02
2.450000000000000000e+02
1.100000000000000000e+02
0.000000000000000000e+00
0.000000000000000000e+00
0.000000000000000000e+00
0.000000000000000000e+00
0.000000000000000000e+00
0.000000000000000000e+00
0.000000000000000000e+00
0.000000000000000000e+00
0.000000000000000000e+00
0.000000000000000000e+00
0.000000000000000000e+00
0.000000000000000000e+00
0.000000000000000000e+00
0.000000000000000000e+00
0.000000000000000000e+00
0.000000000000000000e+00
0.000000000000000000e+00
0.000000000000000000e+00
0.000000000000000000e+00
0.000000000000000000e+00
0.000000000000000000e+00
0.000000000000000000e+00
0.000000000000000000e+00
0.000000000000000000e+00
0.000000000000000000e+00
0.000000000000000000e+00
0.000000000000000000e+00
0.000000000000000000e+00
0.000000000000000000e+00
0.000000000000000000e+00
0.000000000000000000e+00
0.000000000000000000e+00
0.000000000000000000e+00
0.000000000000000000e+00
0.000000000000000000e+00
0.000000000000000000e+00
0.000000000000000000e+00
0.000000000000000000e+00
0.000000000000000000e+00
0.000000000000000000e+00
0.000000000000000000e+00
0.000000000000000000e+00
0.000000000000000000e+00
0.000000000000000000e+00
0.000000000000000000e+00
3.120000000000000000e+02
2.710000000000000000e+02
5.990000000000000000e+02
6.540000000000000000e+02
6.490000000000000000e+02
6.930000000000000000e+02
7.190000000000000000e+02
7.030000000000000000e+02
6.890000000000000000e+02
7.110000000000000000e+02
7.220000000000000000e+02
7.170000000000000000e+02
7.040000000000000000e+02
7.290000000000000000e+02
7.100000000000000000e+02
7.240000000000000000e+02
7.280000000000000000e+02
7.290000000000000000e+02
7.170000000000000000e+02
7.300000000000000000e+02
7.300000000000000000e+02
7.190000000000000000e+02
7.300000000000000000e+02
7.310000000000000000e+02
7.290000000000000000e+02
7.290000000000000000e+02
7.320000000000000000e+02
7.310000000000000000e+02
7.270000000000000000e+02
7.350000000000000000e+02
7.290000000000000000e+02
7.350000000000000000e+02
7.210000000000000000e+02
7.370000000000000000e+02
7.240000000000000000e+02
7.340000000000000000e+02
7.310000000000000000e+02
7.360000000000000000e+02
7.230000000000000000e+02
7.370000000000000000e+02
7.210000000000000000e+02
7.380000000000000000e+02
7.260000000000000000e+02
7.370000000000000000e+02
7.310000000000000000e+02
7.380000000000000000e+02
7.260000000000000000e+02
7.380000000000000000e+02
7.330000000000000000e+02
7.370000000000000000e+02
7.340000000000000000e+02
7.360000000000000000e+02
7.360000000000000000e+02
7.360000000000000000e+02
7.370000000000000000e+02
7.360000000000000000e+02
7.000000000000000000e+01
0.000000000000000000e+00
0.000000000000000000e+00
0.000000000000000000e+00
0.000000000000000000e+00
0.000000000000000000e+00
0.000000000000000000e+00
0.000000000000000000e+00
0.000000000000000000e+00
0.000000000000000000e+00
0.000000000000000000e+00
0.000000000000000000e+00
0.000000000000000000e+00
0.000000000000000000e+00
0.000000000000000000e+00
0.000000000000000000e+00
0.000000000000000000e+00
0.000000000000000000e+00
0.000000000000000000e+00
0.000000000000000000e+00
0.000000000000000000e+00
0.000000000000000000e+00
0.000000000000000000e+00
0.000000000000000000e+00
0.000000000000000000e+00
0.000000000000000000e+00
0.000000000000000000e+00
0.000000000000000000e+00
0.000000000000000000e+00
0.000000000000000000e+00
0.000000000000000000e+00
0.000000000000000000e+00
0.000000000000000000e+00
0.000000000000000000e+00
0.000000000000000000e+00
0.000000000000000000e+00
0.000000000000000000e+00
0.000000000000000000e+00
0.000000000000000000e+00
0.000000000000000000e+00
0.000000000000000000e+00
0.000000000000000000e+00
0.000000000000000000e+00
0.000000000000000000e+00
0.000000000000000000e+00
0.000000000000000000e+00
0.000000000000000000e+00
0.000000000000000000e+00
0.000000000000000000e+00
0.000000000000000000e+00
0.000000000000000000e+00
0.000000000000000000e+00
0.000000000000000000e+00
0.000000000000000000e+00
0.000000000000000000e+00
0.000000000000000000e+00
0.000000000000000000e+00
0.000000000000000000e+00
0.000000000000000000e+00
0.000000000000000000e+00
0.000000000000000000e+00
0.000000000000000000e+00
0.000000000000000000e+00
0.000000000000000000e+00
0.000000000000000000e+00
0.000000000000000000e+00
0.000000000000000000e+00
0.000000000000000000e+00
0.000000000000000000e+00
0.000000000000000000e+00
0.000000000000000000e+00
0.000000000000000000e+00
0.000000000000000000e+00
0.000000000000000000e+00
0.000000000000000000e+00
0.000000000000000000e+00
0.000000000000000000e+00
0.000000000000000000e+00
0.000000000000000000e+00
0.000000000000000000e+00
