0.000000000000000000e+00
0.000000000000000000e+00
0.000000000000000000e+00
0.000000000000000000e+00
0.000000000000000000e+00
0.000000000000000000e+00
0.000000000000000000e+00
0.000000000000000000e+00
0.000000000000000000e+00
0.000000000000000000e+00
0.000000000000000000e+00
0.000000000000000000e+00
0.000000000000000000e+00
0.000000000000000000e+00
0.000000000000000000e+00
0.000000000000000000e+00
0.000000000000000000e+00
0.000000000000000000e+00
0.000000000000000000e+00
0.000000000000000000e+00
0.000000000000000000e+00
0.000000000000000000e+00
0.000000000000000000e+00
0.000000000000000000e+00
0.000000000000000000e+00
0.000000000000000000e+00
0.000000000000000000e+00
0.000000000000000000e+00
0.000000000000000000e+00
0.000000000000000000e+00
0.000000000000000000e+00
0.000000000000000000e+00
0.000000000000000000e+00
0.000000000000000000e+00
0.000000000000000000e+00
0.000000000000000000e+00
6.000000000000000000e+01
1.430000000000000000e+02
3.670000000000000000e+02
6.200000000000000000e+02
7.150000000000000000e+02
7.960000000000000000e+02
8.170000000000000000e+02
8.360000000000000000e+02
8.430000000000000000e+02
8.520000000000000000e+02
8.550000000000000000e+02
8.540000000000000000e+02
8.540000000000000000e+02
8.570000000000000000e+02
8.540000000000000000e+02
8.670000000000000000e+02
8.660000000000000000e+02
8.550000000000000000e+02
8.670000000000000000e+02
8.690000000000000000e+02
8.700000000000000000e+02
8.650000000000000000e+02
8.670000000000000000e+02
8.720000000000000000e+02
8.700000000000000000e+02
8.720000000000000000e+02
8.710000000000000000e+02
8.730000000000000000e+02
8.730000000000000000e+02
8.700000000000000000e+02
8.740000000000000000e+02
8.730000000000000000e+02
8.730000000000000000e+02
8.740000000000000000e+02
8.730000000000000000e+02
8.760000000000000000e+02
8.740000000000000000e+02
8.760000000000000000e+02
8.740000000000000000e+02
8.760000000000000000e+02
8.760000000000000000e+02
8.740000000000000000e+02
8.760000000000000000e+02
8.760000000000000000e+02
8.760000000000000000e+02
8.760000000000000000e+02
8.750000000000000000e+02
8.780000000000000000e+02
8.770000000000000000e+02
8.770000000000000000e+02
8.750000000000000000e+02
8.770000000000000000e+02
8.770000000000000000e+02
8.750000000000000000e+02
8.780000000000000000e+02
8.770000000000000000e+02
8.770000000000000000e+02
8.770000000000000000e+02
8.770000000000000000e+02
8.780000000000000000e+02
8.760000000000000000e+02
8.780000000000000000e+02
8.750000000000000000e+02
8.790000000000000000e+02
8.780000000000000000e+02
8.770000000000000000e+02
8.780000000000000000e+02
8.780000000000000000e+02
8.780000000000000000e+02
8.770000000000000000e+02
8.760000000000000000e+02
8.520000000000000000e+02
4.870000000000000000e+02
0.000000000000000000e+00
0.000000000000000000e+00
0.000000000000000000e+00
0.000000000000000000e+00
0.000000000000000000e+00
0.000000000000000000e+00
0.000000000000000000e+00
0.000000000000000000e+00
0.000000000000000000e+00
0.000000000000000000e+00
0.000000000000000000e+00
0.000000000000000000e+00
0.000000000000000000e+00
0.000000000000000000e+00
0.000000000000000000e+00
0.000000000000000000e+00
0.000000000000000000e+00
0.000000000000000000e+00
0.000000000000000000e+00
0.000000000000000000e+00
0.000000000000000000e+00
0.000000000000000000e+00
0.000000000000000000e+00
0.000000000000000000e+00
0.000000000000000000e+00
0.000000000000000000e+00
0.000000000000000000e+00
0.000000000000000000e+00
0.000000000000000000e+00
0.000000000000000000e+00
0.000000000000000000e+00
0.000000000000000000e+00
0.000000000000000000e+00
0.000000000000000000e+00
0.000000000000000000e+00
0.000000000000000000e+00
0.000000000000000000e+00
0.000000000000000000e+00
0.000000000000000000e+00
0.000000000000000000e+00
0.000000000000000000e+00
0.000000000000000000e+00
0.000000000000000000e+00
0.000000000000000000e+00
0.000000000000000000e+00
0.000000000000000000e+00
0.000000000000000000e+00
2.260000000000000000e+02
5.120000000000000000e+02
6.900000000000000000e+02
7.420000000000000000e+02
7.610000000000000000e+02
7.810000000000000000e+02
8.050000000000000000e+02
8.160000000000000000e+02
8.420000000000000000e+02
8.460000000000000000e+02
8.470000000000000000e+02
8.480000000000000000e+02
8.520000000000000000e+02
8.490000000000000000e+02
8.480000000000000000e+02
8.430000000000000000e+02
8.500000000000000000e+02
8.530000000000000000e+02
8.450000000000000000e+02
8.490000000000000000e+02
8.510000000000000000e+02
8.540000000000000000e+02
8.530000000000000000e+02
8.480000000000000000e+02
8.530000000000000000e+02
8.490000000000000000e+02
8.530000000000000000e+02
8.510000000000000000e+02
8.560000000000000000e+02
8.520000000000000000e+02
8.540000000000000000e+02
8.550000000000000000e+02
8.570000000000000000e+02
8.550000000000000000e+02
8.550000000000000000e+02
8.590000000000000000e+02
8.570000000000000000e+02
8.550000000000000000e+02
8.570000000000000000e+02
8.570000000000000000e+02
8.580000000000000000e+02
8.570000000000000000e+02
8.560000000000000000e+02
8.600000000000000000e+02
8.580000000000000000e+02
8.570000000000000000e+02
8.590000000000000000e+02
8.600000000000000000e+02
8.580000000000000000e+02
8.600000000000000000e+02
8.600000000000000000e+02
8.610000000000000000e+02
8.590000000000000000e+02
8.600000000000000000e+02
8.600000000000000000e+02
8.600000000000000000e+02
8.590000000000000000e+02
8.480000000000000000e+02
4.180000000000000000e+02
0.000000000000000000e+00
0.000000000000000000e+00
0.000000000000000000e+00
0.000000000000000000e+00
0.000000000000000000e+00
0.000000000000000000e+00
0.000000000000000000e+00
0.000000000000000000e+00
0.000000000000000000e+00
0.000000000000000000e+00
0.000000000000000000e+00
0.000000000000000000e+00
0.000000000000000000e+00
0.000000000000000000e+00
0.000000000000000000e+00
0.000000000000000000e+00
0.000000000000000000e+00
0.000000000000000000e+00
0.000000000000000000e+00
0.000000000000000000e+00
0.000000000000000000e+00
0.000000000000000000e+00
0.000000000000000000e+00
0.000000000000000000e+00
0.000000000000000000e+00
0.000000000000000000e+00
0.000000000000000000e+00
0.000000000000000000e+00
0.000000000000000000e+00
0.000000000000000000e+00
0.000000000000000000e+00
0.000000000000000000e+00
0.000000000000000000e+00
0.000000000000000000e+00
0.000000000000000000e+00
0.000000000000000000e+00
0.000000000000000000e+00
0.000000000000000000e+00
0.000000000000000000e+00
0.000000000000000000e+00
0.000000000000000000e+00
0.000000000000000000e+00
0.000000000000000000e+00
0.000000000000000000e+00
0.000000000000000000e+00
0.000000000000000000e+00
0.000000000000000000e+00
0.000000000000000000e+00
0.000000000000000000e+00
0.000000000000000000e+00
0.000000000000000000e+00
0.000000000000000000e+00
0.000000000000000000e+00
0.000000000000000000e+00
0.000000000000000000e+00
0.000000000000000000e+00
0.000000000000000000e+00
0.000000000000000000e+00
0.000000000000000000e+00
0.000000000000000000e+00
0.000000000000000000e+00
0.000000000000000000e+00
0.000000000000000000e+00
0.000000000000000000e+00
0.000000000000000000e+00
0.000000000000000000e+00
0.000000000000000000e+00
0.000000000000000000e+00
0.000000000000000000e+00
0.000000000000000000e+00
0.000000000000000000e+00
0.000000000000000000e+00
0.000000000000000000e+00
0.000000000000000000e+00
0.000000000000000000e+00
0.000000000000000000e+00
0.000000000000000000e+00
0.000000000000000000e+00
0.000000000000000000e+00
0.000000000000000000e+00
0.000000000000000000e+00
0.000000000000000000e+00
0.000000000000000000e+00
0.000000000000000000e+00
0.000000000000000000e+00
