0.000000000000000000e+00
0.000000000000000000e+00
0.000000000000000000e+00
0.000000000000000000e+00
0.000000000000000000e+00
0.000000000000000000e+00
0.000000000000000000e+00
0.000000000000000000e+00
0.000000000000000000e+00
0.000000000000000000e+00
0.000000000000000000e+00
0.000000000000000000e+00
0.000000000000000000e+00
0.000000000000000000e+00
0.000000000000000000e+00
0.000000000000000000e+00
0.000000000000000000e+00
0.000000000000000000e+00
0.000000000000000000e+00
0.000000000000000000e+00
0.000000000000000000e+00
0.000000000000000000e+00
0.000000000000000000e+00
0.000000000000000000e+00
0.000000000000000000e+00
0.000000000000000000e+00
0.000000000000000000e+00
0.000000000000000000e+00
0.000000000000000000e+00
0.000000000000000000e+00
0.000000000000000000e+00
0.000000000000000000e+00
0.000000000000000000e+00
0.000000000000000000e+00
0.000000000000000000e+00
0.000000000000000000e+00
0.000000000000000000e+00
0.000000000000000000e+00
0.000000000000000000e+00
0.000000000000000000e+00
0.000000000000000000e+00
0.000000000000000000e+00
0.000000000000000000e+00
0.000000000000000000e+00
0.000000000000000000e+00
0.000000000000000000e+00
0.000000000000000000e+00
0.000000000000000000e+00
0.000000000000000000e+00
0.000000000000000000e+00
0.000000000000000000e+00
0.000000000000000000e+00
0.000000000000000000e+00
0.000000000000000000e+00
0.000000000000000000e+00
0.000000000000000000e+00
0.000000000000000000e+00
0.000000000000000000e+00
0.000000000000000000e+00
0.000000000000000000e+00
0.000000000000000000e+00
0.000000000000000000e+00
0.000000000000000000e+00
0.000000000000000000e+00
0.000000000000000000e+00
0.000000000000000000e+00
0.000000000000000000e+00
0.000000000000000000e+00
0.000000000000000000e+00
0.000000000000000000e+00
0.000000000000000000e+00
0.000000000000000000e+00
0.000000000000000000e+00
0.000000000000000000e+00
5.800000000000000000e+01
5.500000000000000000e+01
2.710000000000000000e+02
5.970000000000000000e+02
6.990000000000000000e+02
7.420000000000000000e+02
7.530000000000000000e+02
7.680000000000000000e+02
7.810000000000000000e+02
8.160000000000000000e+02
8.370000000000000000e+02
8.170000000000000000e+02
8.190000000000000000e+02
8.380000000000000000e+02
8.480000000000000000e+02
8.490000000000000000e+02
8.440000000000000000e+02
8.430000000000000000e+02
8.480000000000000000e+02
8.490000000000000000e+02
8.490000000000000000e+02
8.470000000000000000e+02
8.500000000000000000e+02
8.480000000000000000e+02
8.540000000000000000e+02
8.560000000000000000e+02
8.530000000000000000e+02
8.540000000000000000e+02
8.560000000000000000e+02
8.560000000000000000e+02
8.550000000000000000e+02
8.570000000000000000e+02
8.540000000000000000e+02
8.570000000000000000e+02
8.590000000000000000e+02
8.590000000000000000e+02
8.600000000000000000e+02
8.590000000000000000e+02
8.600000000000000000e+02
8.600000000000000000e+02
8.610000000000000000e+02
8.610000000000000000e+02
8.620000000000000000e+02
8.600000000000000000e+02
8.600000000000000000e+02
8.620000000000000000e+02
8.610000000000000000e+02
8.600000000000000000e+02
8.620000000000000000e+02
8.620000000000000000e+02
8.620000000000000000e+02
8.620000000000000000e+02
8.630000000000000000e+02
8.600000000000000000e+02
8.620000000000000000e+02
8.610000000000000000e+02
8.620000000000000000e+02
8.620000000000000000e+02
8.630000000000000000e+02
8.610000000000000000e+02
8.640000000000000000e+02
8.620000000000000000e+02
8.630000000000000000e+02
8.620000000000000000e+02
8.640000000000000000e+02
8.610000000000000000e+02
8.640000000000000000e+02
8.630000000000000000e+02
8.630000000000000000e+02
8.620000000000000000e+02
8.630000000000000000e+02
8.690000000000000000e+02
8.570000000000000000e+02
8.520000000000000000e+02
8.220000000000000000e+02
7.710000000000000000e+02
6.350000000000000000e+02
1.530000000000000000e+02
0.000000000000000000e+00
0.000000000000000000e+00
0.000000000000000000e+00
0.000000000000000000e+00
0.000000000000000000e+00
0.000000000000000000e+00
0.000000000000000000e+00
0.000000000000000000e+00
0.000000000000000000e+00
0.000000000000000000e+00
0.000000000000000000e+00
0.000000000000000000e+00
0.000000000000000000e+00
0.000000000000000000e+00
0.000000000000000000e+00
0.000000000000000000e+00
0.000000000000000000e+00
0.000000000000000000e+00
0.000000000000000000e+00
0.000000000000000000e+00
0.000000000000000000e+00
0.000000000000000000e+00
0.000000000000000000e+00
0.000000000000000000e+00
0.000000000000000000e+00
0.000000000000000000e+00
0.000000000000000000e+00
0.000000000000000000e+00
0.000000000000000000e+00
0.000000000000000000e+00
0.000000000000000000e+00
0.000000000000000000e+00
0.000000000000000000e+00
0.000000000000000000e+00
0.000000000000000000e+00
0.000000000000000000e+00
0.000000000000000000e+00
0.000000000000000000e+00
0.000000000000000000e+00
0.000000000000000000e+00
0.000000000000000000e+00
0.000000000000000000e+00
0.000000000000000000e+00
0.000000000000000000e+00
0.000000000000000000e+00
0.000000000000000000e+00
0.000000000000000000e+00
0.000000000000000000e+00
0.000000000000000000e+00
0.000000000000000000e+00
0.000000000000000000e+00
0.000000000000000000e+00
0.000000000000000000e+00
0.000000000000000000e+00
5.300000000000000000e+01
9.000000000000000000e+01
2.690000000000000000e+02
5.220000000000000000e+02
6.710000000000000000e+02
7.190000000000000000e+02
7.510000000000000000e+02
7.900000000000000000e+02
7.990000000000000000e+02
8.170000000000000000e+02
8.330000000000000000e+02
8.410000000000000000e+02
8.380000000000000000e+02
8.480000000000000000e+02
8.510000000000000000e+02
8.520000000000000000e+02
8.540000000000000000e+02
8.550000000000000000e+02
8.560000000000000000e+02
8.570000000000000000e+02
8.570000000000000000e+02
8.570000000000000000e+02
8.580000000000000000e+02
8.570000000000000000e+02
8.590000000000000000e+02
8.580000000000000000e+02
8.600000000000000000e+02
8.580000000000000000e+02
8.600000000000000000e+02
8.590000000000000000e+02
8.600000000000000000e+02
8.570000000000000000e+02
8.600000000000000000e+02
8.590000000000000000e+02
8.600000000000000000e+02
8.580000000000000000e+02
8.610000000000000000e+02
8.580000000000000000e+02
8.600000000000000000e+02
8.610000000000000000e+02
8.600000000000000000e+02
8.590000000000000000e+02
8.600000000000000000e+02
8.600000000000000000e+02
8.590000000000000000e+02
8.610000000000000000e+02
8.600000000000000000e+02
8.600000000000000000e+02
8.600000000000000000e+02
8.620000000000000000e+02
8.600000000000000000e+02
8.610000000000000000e+02
8.620000000000000000e+02
8.610000000000000000e+02
8.620000000000000000e+02
8.610000000000000000e+02
8.620000000000000000e+02
8.610000000000000000e+02
8.630000000000000000e+02
8.630000000000000000e+02
8.600000000000000000e+02
8.640000000000000000e+02
8.630000000000000000e+02
8.630000000000000000e+02
8.600000000000000000e+02
8.630000000000000000e+02
8.610000000000000000e+02
8.640000000000000000e+02
8.620000000000000000e+02
8.640000000000000000e+02
8.600000000000000000e+02
8.660000000000000000e+02
8.620000000000000000e+02
8.640000000000000000e+02
8.650000000000000000e+02
8.630000000000000000e+02
8.540000000000000000e+02
8.330000000000000000e+02
6.060000000000000000e+02
0.000000000000000000e+00
0.000000000000000000e+00
0.000000000000000000e+00
0.000000000000000000e+00
0.000000000000000000e+00
0.000000000000000000e+00
0.000000000000000000e+00
0.000000000000000000e+00
0.000000000000000000e+00
0.000000000000000000e+00
0.000000000000000000e+00
0.000000000000000000e+00
0.000000000000000000e+00
0.000000000000000000e+00
0.000000000000000000e+00
