0.000000000000000000e+00
0.000000000000000000e+00
0.000000000000000000e+00
0.000000000000000000e+00
0.000000000000000000e+00
0.000000000000000000e+00
0.000000000000000000e+00
0.000000000000000000e+00
0.000000000000000000e+00
0.000000000000000000e+00
0.000000000000000000e+00
0.000000000000000000e+00
0.000000000000000000e+00
0.000000000000000000e+00
0.000000000000000000e+00
0.000000000000000000e+00
0.000000000000000000e+00
0.000000000000000000e+00
2.450000000000000000e+02
2.130000000000000000e+02
5.360000000000000000e+02
6.560000000000000000e+02
7.060000000000000000e+02
7.090000000000000000e+02
7.140000000000000000e+02
7.490000000000000000e+02
8.030000000000000000e+02
8.450000000000000000e+02
8.420000000000000000e+02
8.380000000000000000e+02
8.450000000000000000e+02
8.510000000000000000e+02
8.530000000000000000e+02
8.410000000000000000e+02
8.340000000000000000e+02
8.320000000000000000e+02
8.370000000000000000e+02
8.380000000000000000e+02
8.170000000000000000e+02
8.340000000000000000e+02
8.280000000000000000e+02
8.330000000000000000e+02
8.300000000000000000e+02
8.260000000000000000e+02
8.340000000000000000e+02
8.350000000000000000e+02
8.230000000000000000e+02
8.390000000000000000e+02
8.370000000000000000e+02
8.390000000000000000e+02
8.250000000000000000e+02
8.410000000000000000e+02
8.350000000000000000e+02
8.350000000000000000e+02
8.430000000000000000e+02
8.300000000000000000e+02
8.400000000000000000e+02
8.460000000000000000e+02
8.290000000000000000e+02
8.420000000000000000e+02
8.390000000000000000e+02
8.380000000000000000e+02
8.410000000000000000e+02
8.410000000000000000e+02
8.410000000000000000e+02
8.390000000000000000e+02
8.470000000000000000e+02
8.340000000000000000e+02
8.440000000000000000e+02
8.460000000000000000e+02
8.370000000000000000e+02
8.450000000000000000e+02
8.350000000000000000e+02
8.460000000000000000e+02
8.450000000000000000e+02
8.410000000000000000e+02
8.370000000000000000e+02
8.470000000000000000e+02
8.440000000000000000e+02
8.430000000000000000e+02
8.430000000000000000e+02
8.470000000000000000e+02
8.390000000000000000e+02
8.450000000000000000e+02
8.410000000000000000e+02
8.470000000000000000e+02
8.450000000000000000e+02
8.450000000000000000e+02
8.420000000000000000e+02
8.450000000000000000e+02
8.450000000000000000e+02
8.450000000000000000e+02
8.450000000000000000e+02
8.500000000000000000e+02
8.490000000000000000e+02
8.450000000000000000e+02
8.690000000000000000e+02
6.890000000000000000e+02
0.000000000000000000e+00
0.000000000000000000e+00
0.000000000000000000e+00
0.000000000000000000e+00
0.000000000000000000e+00
0.000000000000000000e+00
0.000000000000000000e+00
0.000000000000000000e+00
0.000000000000000000e+00
0.000000000000000000e+00
0.000000000000000000e+00
0.000000000000000000e+00
0.000000000000000000e+00
0.000000000000000000e+00
0.000000000000000000e+00
0.000000000000000000e+00
0.000000000000000000e+00
0.000000000000000000e+00
0.000000000000000000e+00
0.000000000000000000e+00
0.000000000000000000e+00
0.000000000000000000e+00
0.000000000000000000e+00
0.000000000000000000e+00
0.000000000000000000e+00
0.000000000000000000e+00
0.000000000000000000e+00
0.000000000000000000e+00
0.000000000000000000e+00
0.000000000000000000e+00
0.000000000000000000e+00
0.000000000000000000e+00
0.000000000000000000e+00
0.000000000000000000e+00
0.000000000000000000e+00
0.000000000000000000e+00
0.000000000000000000e+00
0.000000000000000000e+00
0.000000000000000000e+00
0.000000000000000000e+00
0.000000000000000000e+00
0.000000000000000000e+00
0.000000000000000000e+00
0.000000000000000000e+00
0.000000000000000000e+00
0.000000000000000000e+00
0.000000000000000000e+00
2.100000000000000000e+01
4.700000000000000000e+01
3.830000000000000000e+02
3.650000000000000000e+02
5.640000000000000000e+02
6.910000000000000000e+02
6.990000000000000000e+02
7.040000000000000000e+02
7.490000000000000000e+02
7.950000000000000000e+02
7.830000000000000000e+02
8.310000000000000000e+02
8.200000000000000000e+02
8.200000000000000000e+02
8.050000000000000000e+02
8.290000000000000000e+02
8.070000000000000000e+02
8.350000000000000000e+02
8.200000000000000000e+02
8.160000000000000000e+02
8.330000000000000000e+02
8.320000000000000000e+02
8.130000000000000000e+02
8.310000000000000000e+02
8.270000000000000000e+02
8.320000000000000000e+02
8.320000000000000000e+02
8.260000000000000000e+02
8.330000000000000000e+02
8.290000000000000000e+02
8.320000000000000000e+02
8.360000000000000000e+02
8.290000000000000000e+02
8.340000000000000000e+02
8.380000000000000000e+02
8.290000000000000000e+02
8.370000000000000000e+02
8.330000000000000000e+02
8.380000000000000000e+02
8.310000000000000000e+02
8.390000000000000000e+02
8.350000000000000000e+02
8.350000000000000000e+02
8.370000000000000000e+02
8.370000000000000000e+02
8.340000000000000000e+02
8.350000000000000000e+02
8.380000000000000000e+02
8.330000000000000000e+02
8.390000000000000000e+02
8.380000000000000000e+02
8.350000000000000000e+02
8.390000000000000000e+02
8.390000000000000000e+02
8.330000000000000000e+02
8.420000000000000000e+02
8.360000000000000000e+02
8.380000000000000000e+02
8.330000000000000000e+02
8.420000000000000000e+02
8.340000000000000000e+02
8.390000000000000000e+02
8.400000000000000000e+02
8.370000000000000000e+02
8.380000000000000000e+02
8.410000000000000000e+02
8.390000000000000000e+02
8.380000000000000000e+02
8.390000000000000000e+02
8.410000000000000000e+02
8.350000000000000000e+02
8.380000000000000000e+02
8.390000000000000000e+02
8.400000000000000000e+02
8.430000000000000000e+02
8.340000000000000000e+02
8.420000000000000000e+02
8.280000000000000000e+02
5.350000000000000000e+02
0.000000000000000000e+00
0.000000000000000000e+00
0.000000000000000000e+00
0.000000000000000000e+00
0.000000000000000000e+00
0.000000000000000000e+00
0.000000000000000000e+00
0.000000000000000000e+00
0.000000000000000000e+00
0.000000000000000000e+00
0.000000000000000000e+00
0.000000000000000000e+00
0.000000000000000000e+00
0.000000000000000000e+00
0.000000000000000000e+00
0.000000000000000000e+00
0.000000000000000000e+00
0.000000000000000000e+00
0.000000000000000000e+00
0.000000000000000000e+00
0.000000000000000000e+00
0.000000000000000000e+00
0.000000000000000000e+00
0.000000000000000000e+00
0.000000000000000000e+00
0.000000000000000000e+00
0.000000000000000000e+00
0.000000000000000000e+00
0.000000000000000000e+00
0.000000000000000000e+00
0.000000000000000000e+00
0.000000000000000000e+00
0.000000000000000000e+00
0.000000000000000000e+00
0.000000000000000000e+00
0.000000000000000000e+00
0.000000000000000000e+00
0.000000000000000000e+00
0.000000000000000000e+00
0.000000000000000000e+00
0.000000000000000000e+00
0.000000000000000000e+00
0.000000000000000000e+00
0.000000000000000000e+00
0.000000000000000000e+00
0.000000000000000000e+00
0.000000000000000000e+00
0.000000000000000000e+00
0.000000000000000000e+00
0.000000000000000000e+00
0.000000000000000000e+00
0.000000000000000000e+00
0.000000000000000000e+00
0.000000000000000000e+00
0.000000000000000000e+00
0.000000000000000000e+00
0.000000000000000000e+00
0.000000000000000000e+00
0.000000000000000000e+00
0.000000000000000000e+00
0.000000000000000000e+00
0.000000000000000000e+00
0.000000000000000000e+00
0.000000000000000000e+00
0.000000000000000000e+00
0.000000000000000000e+00
0.000000000000000000e+00
0.000000000000000000e+00
0.000000000000000000e+00
0.000000000000000000e+00
0.000000000000000000e+00
0.000000000000000000e+00
0.000000000000000000e+00
0.000000000000000000e+00
0.000000000000000000e+00
0.000000000000000000e+00
