0.000000000000000000e+00
0.000000000000000000e+00
0.000000000000000000e+00
0.000000000000000000e+00
0.000000000000000000e+00
0.000000000000000000e+00
0.000000000000000000e+00
0.000000000000000000e+00
0.000000000000000000e+00
0.000000000000000000e+00
0.000000000000000000e+00
0.000000000000000000e+00
0.000000000000000000e+00
0.000000000000000000e+00
0.000000000000000000e+00
0.000000000000000000e+00
0.000000000000000000e+00
0.000000000000000000e+00
0.000000000000000000e+00
0.000000000000000000e+00
0.000000000000000000e+00
0.000000000000000000e+00
0.000000000000000000e+00
0.000000000000000000e+00
0.000000000000000000e+00
0.000000000000000000e+00
0.000000000000000000e+00
0.000000000000000000e+00
0.000000000000000000e+00
0.000000000000000000e+00
0.000000000000000000e+00
0.000000000000000000e+00
0.000000000000000000e+00
0.000000000000000000e+00
0.000000000000000000e+00
0.000000000000000000e+00
0.000000000000000000e+00
0.000000000000000000e+00
0.000000000000000000e+00
0.000000000000000000e+00
0.000000000000000000e+00
0.000000000000000000e+00
0.000000000000000000e+00
0.000000000000000000e+00
0.000000000000000000e+00
0.000000000000000000e+00
0.000000000000000000e+00
0.000000000000000000e+00
1.550000000000000000e+02
2.670000000000000000e+02
5.360000000000000000e+02
7.040000000000000000e+02
7.880000000000000000e+02
8.030000000000000000e+02
8.180000000000000000e+02
8.300000000000000000e+02
8.650000000000000000e+02
8.820000000000000000e+02
8.250000000000000000e+02
8.720000000000000000e+02
8.610000000000000000e+02
8.530000000000000000e+02
8.570000000000000000e+02
8.840000000000000000e+02
8.570000000000000000e+02
8.530000000000000000e+02
8.830000000000000000e+02
8.630000000000000000e+02
8.550000000000000000e+02
8.770000000000000000e+02
8.620000000000000000e+02
8.670000000000000000e+02
8.640000000000000000e+02
8.780000000000000000e+02
8.590000000000000000e+02
8.700000000000000000e+02
8.720000000000000000e+02
8.630000000000000000e+02
8.720000000000000000e+02
8.700000000000000000e+02
8.710000000000000000e+02
8.630000000000000000e+02
8.760000000000000000e+02
8.740000000000000000e+02
8.630000000000000000e+02
8.790000000000000000e+02
8.680000000000000000e+02
8.670000000000000000e+02
8.720000000000000000e+02
8.770000000000000000e+02
8.650000000000000000e+02
8.720000000000000000e+02
8.730000000000000000e+02
8.710000000000000000e+02
8.710000000000000000e+02
8.770000000000000000e+02
8.650000000000000000e+02
8.800000000000000000e+02
8.650000000000000000e+02
8.750000000000000000e+02
8.680000000000000000e+02
8.790000000000000000e+02
8.660000000000000000e+02
8.740000000000000000e+02
8.680000000000000000e+02
8.740000000000000000e+02
8.710000000000000000e+02
8.750000000000000000e+02
8.720000000000000000e+02
8.720000000000000000e+02
8.720000000000000000e+02
8.770000000000000000e+02
8.710000000000000000e+02
8.710000000000000000e+02
8.790000000000000000e+02
8.700000000000000000e+02
8.750000000000000000e+02
8.730000000000000000e+02
8.760000000000000000e+02
8.710000000000000000e+02
8.640000000000000000e+02
8.730000000000000000e+02
8.800000000000000000e+02
8.720000000000000000e+02
8.700000000000000000e+02
8.710000000000000000e+02
7.330000000000000000e+02
0.000000000000000000e+00
0.000000000000000000e+00
0.000000000000000000e+00
0.000000000000000000e+00
0.000000000000000000e+00
0.000000000000000000e+00
0.000000000000000000e+00
0.000000000000000000e+00
0.000000000000000000e+00
0.000000000000000000e+00
0.000000000000000000e+00
0.000000000000000000e+00
0.000000000000000000e+00
0.000000000000000000e+00
0.000000000000000000e+00
0.000000000000000000e+00
0.000000000000000000e+00
0.000000000000000000e+00
0.000000000000000000e+00
0.000000000000000000e+00
0.000000000000000000e+00
0.000000000000000000e+00
0.000000000000000000e+00
0.000000000000000000e+00
0.000000000000000000e+00
0.000000000000000000e+00
0.000000000000000000e+00
0.000000000000000000e+00
0.000000000000000000e+00
0.000000000000000000e+00
0.000000000000000000e+00
0.000000000000000000e+00
0.000000000000000000e+00
0.000000000000000000e+00
0.000000000000000000e+00
0.000000000000000000e+00
0.000000000000000000e+00
0.000000000000000000e+00
0.000000000000000000e+00
0.000000000000000000e+00
0.000000000000000000e+00
1.610000000000000000e+02
1.970000000000000000e+02
5.530000000000000000e+02
6.390000000000000000e+02
7.290000000000000000e+02
7.500000000000000000e+02
7.930000000000000000e+02
7.890000000000000000e+02
8.050000000000000000e+02
8.480000000000000000e+02
8.390000000000000000e+02
8.380000000000000000e+02
8.420000000000000000e+02
8.470000000000000000e+02
8.410000000000000000e+02
8.460000000000000000e+02
8.560000000000000000e+02
8.500000000000000000e+02
8.430000000000000000e+02
8.530000000000000000e+02
8.590000000000000000e+02
8.510000000000000000e+02
8.480000000000000000e+02
8.590000000000000000e+02
8.590000000000000000e+02
8.490000000000000000e+02
8.550000000000000000e+02
8.600000000000000000e+02
8.560000000000000000e+02
8.510000000000000000e+02
8.590000000000000000e+02
8.580000000000000000e+02
8.510000000000000000e+02
8.570000000000000000e+02
8.590000000000000000e+02
8.530000000000000000e+02
8.570000000000000000e+02
8.590000000000000000e+02
8.590000000000000000e+02
8.510000000000000000e+02
8.620000000000000000e+02
8.600000000000000000e+02
8.520000000000000000e+02
8.590000000000000000e+02
8.600000000000000000e+02
8.580000000000000000e+02
8.540000000000000000e+02
8.630000000000000000e+02
8.570000000000000000e+02
8.580000000000000000e+02
8.590000000000000000e+02
8.640000000000000000e+02
8.530000000000000000e+02
8.620000000000000000e+02
8.580000000000000000e+02
8.610000000000000000e+02
8.550000000000000000e+02
8.900000000000000000e+02
9.060000000000000000e+02
8.870000000000000000e+02
8.050000000000000000e+02
0.000000000000000000e+00
0.000000000000000000e+00
0.000000000000000000e+00
0.000000000000000000e+00
0.000000000000000000e+00
0.000000000000000000e+00
0.000000000000000000e+00
0.000000000000000000e+00
0.000000000000000000e+00
0.000000000000000000e+00
0.000000000000000000e+00
0.000000000000000000e+00
0.000000000000000000e+00
0.000000000000000000e+00
0.000000000000000000e+00
0.000000000000000000e+00
0.000000000000000000e+00
0.000000000000000000e+00
0.000000000000000000e+00
0.000000000000000000e+00
0.000000000000000000e+00
0.000000000000000000e+00
0.000000000000000000e+00
0.000000000000000000e+00
0.000000000000000000e+00
0.000000000000000000e+00
0.000000000000000000e+00
0.000000000000000000e+00
0.000000000000000000e+00
0.000000000000000000e+00
0.000000000000000000e+00
0.000000000000000000e+00
0.000000000000000000e+00
0.000000000000000000e+00
0.000000000000000000e+00
0.000000000000000000e+00
0.000000000000000000e+00
0.000000000000000000e+00
0.000000000000000000e+00
0.000000000000000000e+00
0.000000000000000000e+00
0.000000000000000000e+00
0.000000000000000000e+00
0.000000000000000000e+00
0.000000000000000000e+00
0.000000000000000000e+00
0.000000000000000000e+00
0.000000000000000000e+00
0.000000000000000000e+00
0.000000000000000000e+00
0.000000000000000000e+00
0.000000000000000000e+00
0.000000000000000000e+00
0.000000000000000000e+00
0.000000000000000000e+00
0.000000000000000000e+00
0.000000000000000000e+00
0.000000000000000000e+00
0.000000000000000000e+00
0.000000000000000000e+00
0.000000000000000000e+00
0.000000000000000000e+00
0.000000000000000000e+00
0.000000000000000000e+00
0.000000000000000000e+00
0.000000000000000000e+00
0.000000000000000000e+00
0.000000000000000000e+00
0.000000000000000000e+00
0.000000000000000000e+00
0.000000000000000000e+00
