0.000000000000000000e+00
0.000000000000000000e+00
0.000000000000000000e+00
0.000000000000000000e+00
0.000000000000000000e+00
0.000000000000000000e+00
0.000000000000000000e+00
0.000000000000000000e+00
0.000000000000000000e+00
0.000000000000000000e+00
0.000000000000000000e+00
0.000000000000000000e+00
0.000000000000000000e+00
0.000000000000000000e+00
0.000000000000000000e+00
0.000000000000000000e+00
0.000000000000000000e+00
0.000000000000000000e+00
0.000000000000000000e+00
0.000000000000000000e+00
3.300000000000000000e+01
3.700000000000000000e+01
3.790000000000000000e+02
6.340000000000000000e+02
7.720000000000000000e+02
8.050000000000000000e+02
7.950000000000000000e+02
8.180000000000000000e+02
8.290000000000000000e+02
8.300000000000000000e+02
8.150000000000000000e+02
8.270000000000000000e+02
8.270000000000000000e+02
8.250000000000000000e+02
8.400000000000000000e+02
8.420000000000000000e+02
8.240000000000000000e+02
8.500000000000000000e+02
8.390000000000000000e+02
8.190000000000000000e+02
8.530000000000000000e+02
8.410000000000000000e+02
8.360000000000000000e+02
8.450000000000000000e+02
8.500000000000000000e+02
8.310000000000000000e+02
8.470000000000000000e+02
8.490000000000000000e+02
8.350000000000000000e+02
8.480000000000000000e+02
8.480000000000000000e+02
8.370000000000000000e+02
8.490000000000000000e+02
8.510000000000000000e+02
8.310000000000000000e+02
8.510000000000000000e+02
8.490000000000000000e+02
8.440000000000000000e+02
8.490000000000000000e+02
8.520000000000000000e+02
8.430000000000000000e+02
8.490000000000000000e+02
8.530000000000000000e+02
8.400000000000000000e+02
8.520000000000000000e+02
8.520000000000000000e+02
8.470000000000000000e+02
8.490000000000000000e+02
8.540000000000000000e+02
8.390000000000000000e+02
8.540000000000000000e+02
8.500000000000000000e+02
8.480000000000000000e+02
8.500000000000000000e+02
8.520000000000000000e+02
8.480000000000000000e+02
8.500000000000000000e+02
8.550000000000000000e+02
8.410000000000000000e+02
8.550000000000000000e+02
8.460000000000000000e+02
8.530000000000000000e+02
8.510000000000000000e+02
8.550000000000000000e+02
8.450000000000000000e+02
8.550000000000000000e+02
8.540000000000000000e+02
8.460000000000000000e+02
8.550000000000000000e+02
8.480000000000000000e+02
8.520000000000000000e+02
8.490000000000000000e+02
8.550000000000000000e+02
8.480000000000000000e+02
8.560000000000000000e+02
8.520000000000000000e+02
8.480000000000000000e+02
8.550000000000000000e+02
8.480000000000000000e+02
8.530000000000000000e+02
8.550000000000000000e+02
8.540000000000000000e+02
8.490000000000000000e+02
8.440000000000000000e+02
3.020000000000000000e+02
0.000000000000000000e+00
0.000000000000000000e+00
0.000000000000000000e+00
0.000000000000000000e+00
0.000000000000000000e+00
0.000000000000000000e+00
0.000000000000000000e+00
0.000000000000000000e+00
0.000000000000000000e+00
0.000000000000000000e+00
0.000000000000000000e+00
0.000000000000000000e+00
0.000000000000000000e+00
0.000000000000000000e+00
0.000000000000000000e+00
0.000000000000000000e+00
0.000000000000000000e+00
0.000000000000000000e+00
0.000000000000000000e+00
0.000000000000000000e+00
0.000000000000000000e+00
0.000000000000000000e+00
0.000000000000000000e+00
0.000000000000000000e+00
0.000000000000000000e+00
0.000000000000000000e+00
0.000000000000000000e+00
0.000000000000000000e+00
0.000000000000000000e+00
0.000000000000000000e+00
0.000000000000000000e+00
0.000000000000000000e+00
0.000000000000000000e+00
0.000000000000000000e+00
0.000000000000000000e+00
0.000000000000000000e+00
0.000000000000000000e+00
1.460000000000000000e+02
3.160000000000000000e+02
2.930000000000000000e+02
6.170000000000000000e+02
7.530000000000000000e+02
8.010000000000000000e+02
8.480000000000000000e+02
8.560000000000000000e+02
8.600000000000000000e+02
8.680000000000000000e+02
8.730000000000000000e+02
8.780000000000000000e+02
8.810000000000000000e+02
8.700000000000000000e+02
8.690000000000000000e+02
8.790000000000000000e+02
8.800000000000000000e+02
8.820000000000000000e+02
8.760000000000000000e+02
8.760000000000000000e+02
8.820000000000000000e+02
8.830000000000000000e+02
8.810000000000000000e+02
8.810000000000000000e+02
8.790000000000000000e+02
8.840000000000000000e+02
8.840000000000000000e+02
8.820000000000000000e+02
8.830000000000000000e+02
8.820000000000000000e+02
8.840000000000000000e+02
8.850000000000000000e+02
8.830000000000000000e+02
8.820000000000000000e+02
8.850000000000000000e+02
8.850000000000000000e+02
8.860000000000000000e+02
8.840000000000000000e+02
8.840000000000000000e+02
8.860000000000000000e+02
8.860000000000000000e+02
8.860000000000000000e+02
8.850000000000000000e+02
8.840000000000000000e+02
8.860000000000000000e+02
8.860000000000000000e+02
8.860000000000000000e+02
8.870000000000000000e+02
8.860000000000000000e+02
8.870000000000000000e+02
8.860000000000000000e+02
8.870000000000000000e+02
8.860000000000000000e+02
8.860000000000000000e+02
8.860000000000000000e+02
8.870000000000000000e+02
8.870000000000000000e+02
8.870000000000000000e+02
8.850000000000000000e+02
8.880000000000000000e+02
8.880000000000000000e+02
8.870000000000000000e+02
8.880000000000000000e+02
8.870000000000000000e+02
8.860000000000000000e+02
8.840000000000000000e+02
8.870000000000000000e+02
8.880000000000000000e+02
8.880000000000000000e+02
8.860000000000000000e+02
8.880000000000000000e+02
8.890000000000000000e+02
8.880000000000000000e+02
8.870000000000000000e+02
8.880000000000000000e+02
8.890000000000000000e+02
8.880000000000000000e+02
8.890000000000000000e+02
8.890000000000000000e+02
8.880000000000000000e+02
8.890000000000000000e+02
8.890000000000000000e+02
8.890000000000000000e+02
8.880000000000000000e+02
8.900000000000000000e+02
8.890000000000000000e+02
8.890000000000000000e+02
8.870000000000000000e+02
8.890000000000000000e+02
8.880000000000000000e+02
8.880000000000000000e+02
8.840000000000000000e+02
8.790000000000000000e+02
6.900000000000000000e+02
0.000000000000000000e+00
0.000000000000000000e+00
0.000000000000000000e+00
0.000000000000000000e+00
0.000000000000000000e+00
0.000000000000000000e+00
0.000000000000000000e+00
0.000000000000000000e+00
0.000000000000000000e+00
0.000000000000000000e+00
0.000000000000000000e+00
0.000000000000000000e+00
0.000000000000000000e+00
0.000000000000000000e+00
0.000000000000000000e+00
0.000000000000000000e+00
0.000000000000000000e+00
0.000000000000000000e+00
0.000000000000000000e+00
0.000000000000000000e+00
0.000000000000000000e+00
0.000000000000000000e+00
0.000000000000000000e+00
0.000000000000000000e+00
0.000000000000000000e+00
0.000000000000000000e+00
0.000000000000000000e+00
0.000000000000000000e+00
0.000000000000000000e+00
0.000000000000000000e+00
0.000000000000000000e+00
0.000000000000000000e+00
0.000000000000000000e+00
0.000000000000000000e+00
0.000000000000000000e+00
0.000000000000000000e+00
0.000000000000000000e+00
0.000000000000000000e+00
0.000000000000000000e+00
0.000000000000000000e+00
0.000000000000000000e+00
0.000000000000000000e+00
0.000000000000000000e+00
0.000000000000000000e+00
0.000000000000000000e+00
0.000000000000000000e+00
0.000000000000000000e+00
0.000000000000000000e+00
0.000000000000000000e+00
0.000000000000000000e+00
0.000000000000000000e+00
0.000000000000000000e+00
0.000000000000000000e+00
0.000000000000000000e+00
0.000000000000000000e+00
0.000000000000000000e+00
0.000000000000000000e+00
0.000000000000000000e+00
0.000000000000000000e+00
0.000000000000000000e+00
0.000000000000000000e+00
0.000000000000000000e+00
0.000000000000000000e+00
0.000000000000000000e+00
