0.000000000000000000e+00
0.000000000000000000e+00
0.000000000000000000e+00
0.000000000000000000e+00
0.000000000000000000e+00
0.000000000000000000e+00
0.000000000000000000e+00
0.000000000000000000e+00
0.000000000000000000e+00
0.000000000000000000e+00
0.000000000000000000e+00
0.000000000000000000e+00
0.000000000000000000e+00
0.000000000000000000e+00
0.000000000000000000e+00
0.000000000000000000e+00
0.000000000000000000e+00
0.000000000000000000e+00
0.000000000000000000e+00
0.000000000000000000e+00
0.000000000000000000e+00
0.000000000000000000e+00
0.000000000000000000e+00
0.000000000000000000e+00
0.000000000000000000e+00
0.000000000000000000e+00
0.000000000000000000e+00
0.000000000000000000e+00
0.000000000000000000e+00
0.000000000000000000e+00
0.000000000000000000e+00
0.000000000000000000e+00
0.000000000000000000e+00
2.200000000000000000e+01
0.000000000000000000e+00
3.570000000000000000e+02
5.100000000000000000e+02
6.120000000000000000e+02
6.760000000000000000e+02
6.530000000000000000e+02
5.850000000000000000e+02
5.730000000000000000e+02
5.240000000000000000e+02
7.050000000000000000e+02
7.810000000000000000e+02
8.120000000000000000e+02
8.140000000000000000e+02
8.310000000000000000e+02
8.460000000000000000e+02
8.440000000000000000e+02
8.370000000000000000e+02
8.410000000000000000e+02
8.450000000000000000e+02
8.490000000000000000e+02
8.480000000000000000e+02
8.400000000000000000e+02
8.470000000000000000e+02
8.480000000000000000e+02
8.530000000000000000e+02
8.430000000000000000e+02
8.470000000000000000e+02
8.510000000000000000e+02
8.480000000000000000e+02
8.500000000000000000e+02
8.470000000000000000e+02
8.530000000000000000e+02
8.500000000000000000e+02
8.500000000000000000e+02
8.500000000000000000e+02
8.500000000000000000e+02
8.520000000000000000e+02
8.530000000000000000e+02
8.470000000000000000e+02
8.520000000000000000e+02
8.530000000000000000e+02
8.500000000000000000e+02
8.520000000000000000e+02
8.540000000000000000e+02
8.530000000000000000e+02
8.510000000000000000e+02
8.530000000000000000e+02
8.530000000000000000e+02
8.530000000000000000e+02
8.550000000000000000e+02
8.540000000000000000e+02
8.520000000000000000e+02
8.530000000000000000e+02
8.550000000000000000e+02
8.530000000000000000e+02
8.540000000000000000e+02
8.550000000000000000e+02
8.530000000000000000e+02
8.560000000000000000e+02
8.550000000000000000e+02
8.550000000000000000e+02
8.560000000000000000e+02
8.550000000000000000e+02
8.550000000000000000e+02
8.550000000000000000e+02
8.560000000000000000e+02
8.550000000000000000e+02
8.540000000000000000e+02
8.550000000000000000e+02
8.600000000000000000e+02
8.530000000000000000e+02
8.540000000000000000e+02
8.560000000000000000e+02
8.580000000000000000e+02
8.540000000000000000e+02
8.530000000000000000e+02
8.580000000000000000e+02
8.550000000000000000e+02
8.550000000000000000e+02
8.530000000000000000e+02
8.550000000000000000e+02
8.100000000000000000e+02
7.950000000000000000e+02
3.910000000000000000e+02
0.000000000000000000e+00
0.000000000000000000e+00
0.000000000000000000e+00
0.000000000000000000e+00
0.000000000000000000e+00
0.000000000000000000e+00
0.000000000000000000e+00
0.000000000000000000e+00
0.000000000000000000e+00
0.000000000000000000e+00
0.000000000000000000e+00
0.000000000000000000e+00
0.000000000000000000e+00
0.000000000000000000e+00
0.000000000000000000e+00
0.000000000000000000e+00
0.000000000000000000e+00
0.000000000000000000e+00
0.000000000000000000e+00
0.000000000000000000e+00
0.000000000000000000e+00
0.000000000000000000e+00
0.000000000000000000e+00
0.000000000000000000e+00
0.000000000000000000e+00
0.000000000000000000e+00
0.000000000000000000e+00
0.000000000000000000e+00
0.000000000000000000e+00
0.000000000000000000e+00
0.000000000000000000e+00
0.000000000000000000e+00
0.000000000000000000e+00
0.000000000000000000e+00
0.000000000000000000e+00
0.000000000000000000e+00
0.000000000000000000e+00
0.000000000000000000e+00
0.000000000000000000e+00
0.000000000000000000e+00
0.000000000000000000e+00
0.000000000000000000e+00
0.000000000000000000e+00
0.000000000000000000e+00
1.280000000000000000e+02
4.320000000000000000e+02
5.630000000000000000e+02
7.330000000000000000e+02
7.730000000000000000e+02
8.530000000000000000e+02
8.270000000000000000e+02
8.480000000000000000e+02
8.920000000000000000e+02
8.670000000000000000e+02
8.620000000000000000e+02
8.750000000000000000e+02
9.010000000000000000e+02
8.760000000000000000e+02
8.730000000000000000e+02
8.740000000000000000e+02
8.770000000000000000e+02
8.820000000000000000e+02
8.740000000000000000e+02
8.780000000000000000e+02
8.810000000000000000e+02
8.880000000000000000e+02
8.790000000000000000e+02
8.800000000000000000e+02
8.880000000000000000e+02
8.850000000000000000e+02
8.810000000000000000e+02
8.820000000000000000e+02
8.850000000000000000e+02
8.810000000000000000e+02
8.850000000000000000e+02
8.810000000000000000e+02
8.860000000000000000e+02
8.880000000000000000e+02
8.900000000000000000e+02
8.810000000000000000e+02
8.860000000000000000e+02
8.880000000000000000e+02
8.870000000000000000e+02
8.880000000000000000e+02
8.840000000000000000e+02
8.840000000000000000e+02
8.880000000000000000e+02
8.880000000000000000e+02
8.840000000000000000e+02
8.900000000000000000e+02
8.900000000000000000e+02
8.860000000000000000e+02
8.880000000000000000e+02
8.900000000000000000e+02
8.820000000000000000e+02
8.860000000000000000e+02
8.850000000000000000e+02
8.650000000000000000e+02
7.970000000000000000e+02
5.800000000000000000e+01
1.190000000000000000e+02
0.000000000000000000e+00
0.000000000000000000e+00
0.000000000000000000e+00
0.000000000000000000e+00
0.000000000000000000e+00
0.000000000000000000e+00
0.000000000000000000e+00
0.000000000000000000e+00
0.000000000000000000e+00
0.000000000000000000e+00
0.000000000000000000e+00
0.000000000000000000e+00
0.000000000000000000e+00
0.000000000000000000e+00
0.000000000000000000e+00
0.000000000000000000e+00
0.000000000000000000e+00
0.000000000000000000e+00
0.000000000000000000e+00
0.000000000000000000e+00
0.000000000000000000e+00
0.000000000000000000e+00
0.000000000000000000e+00
0.000000000000000000e+00
0.000000000000000000e+00
0.000000000000000000e+00
0.000000000000000000e+00
0.000000000000000000e+00
0.000000000000000000e+00
0.000000000000000000e+00
0.000000000000000000e+00
0.000000000000000000e+00
0.000000000000000000e+00
0.000000000000000000e+00
0.000000000000000000e+00
0.000000000000000000e+00
0.000000000000000000e+00
0.000000000000000000e+00
0.000000000000000000e+00
0.000000000000000000e+00
0.000000000000000000e+00
0.000000000000000000e+00
0.000000000000000000e+00
0.000000000000000000e+00
0.000000000000000000e+00
0.000000000000000000e+00
0.000000000000000000e+00
0.000000000000000000e+00
0.000000000000000000e+00
0.000000000000000000e+00
0.000000000000000000e+00
0.000000000000000000e+00
0.000000000000000000e+00
0.000000000000000000e+00
0.000000000000000000e+00
0.000000000000000000e+00
0.000000000000000000e+00
0.000000000000000000e+00
0.000000000000000000e+00
0.000000000000000000e+00
0.000000000000000000e+00
0.000000000000000000e+00
0.000000000000000000e+00
0.000000000000000000e+00
0.000000000000000000e+00
0.000000000000000000e+00
0.000000000000000000e+00
0.000000000000000000e+00
0.000000000000000000e+00
0.000000000000000000e+00
0.000000000000000000e+00
0.000000000000000000e+00
0.000000000000000000e+00
0.000000000000000000e+00
0.000000000000000000e+00
0.000000000000000000e+00
0.000000000000000000e+00
0.000000000000000000e+00
0.000000000000000000e+00
0.000000000000000000e+00
0.000000000000000000e+00
