0.000000000000000000e+00
0.000000000000000000e+00
0.000000000000000000e+00
0.000000000000000000e+00
0.000000000000000000e+00
0.000000000000000000e+00
0.000000000000000000e+00
0.000000000000000000e+00
0.000000000000000000e+00
0.000000000000000000e+00
0.000000000000000000e+00
0.000000000000000000e+00
0.000000000000000000e+00
0.000000000000000000e+00
0.000000000000000000e+00
0.000000000000000000e+00
0.000000000000000000e+00
0.000000000000000000e+00
0.000000000000000000e+00
0.000000000000000000e+00
0.000000000000000000e+00
0.000000000000000000e+00
0.000000000000000000e+00
0.000000000000000000e+00
0.000000000000000000e+00
0.000000000000000000e+00
4.000000000000000000e+01
0.000000000000000000e+00
2.090000000000000000e+02
5.970000000000000000e+02
7.470000000000000000e+02
8.390000000000000000e+02
8.480000000000000000e+02
8.420000000000000000e+02
8.550000000000000000e+02
8.710000000000000000e+02
8.550000000000000000e+02
8.570000000000000000e+02
8.410000000000000000e+02
8.470000000000000000e+02
8.440000000000000000e+02
8.610000000000000000e+02
8.440000000000000000e+02
8.440000000000000000e+02
8.430000000000000000e+02
8.640000000000000000e+02
8.550000000000000000e+02
8.520000000000000000e+02
8.570000000000000000e+02
8.540000000000000000e+02
8.570000000000000000e+02
8.600000000000000000e+02
8.570000000000000000e+02
8.570000000000000000e+02
8.570000000000000000e+02
8.600000000000000000e+02
8.560000000000000000e+02
8.590000000000000000e+02
8.660000000000000000e+02
8.590000000000000000e+02
8.600000000000000000e+02
8.630000000000000000e+02
8.610000000000000000e+02
8.600000000000000000e+02
8.650000000000000000e+02
8.620000000000000000e+02
8.620000000000000000e+02
8.610000000000000000e+02
8.670000000000000000e+02
8.610000000000000000e+02
8.660000000000000000e+02
8.620000000000000000e+02
8.630000000000000000e+02
8.630000000000000000e+02
8.660000000000000000e+02
8.630000000000000000e+02
8.630000000000000000e+02
8.640000000000000000e+02
8.660000000000000000e+02
8.640000000000000000e+02
8.670000000000000000e+02
8.660000000000000000e+02
8.650000000000000000e+02
8.670000000000000000e+02
8.650000000000000000e+02
8.670000000000000000e+02
8.660000000000000000e+02
8.650000000000000000e+02
8.660000000000000000e+02
8.650000000000000000e+02
8.700000000000000000e+02
8.710000000000000000e+02
8.520000000000000000e+02
1.440000000000000000e+02
0.000000000000000000e+00
0.000000000000000000e+00
0.000000000000000000e+00
0.000000000000000000e+00
0.000000000000000000e+00
0.000000000000000000e+00
0.000000000000000000e+00
0.000000000000000000e+00
0.000000000000000000e+00
0.000000000000000000e+00
0.000000000000000000e+00
0.000000000000000000e+00
0.000000000000000000e+00
0.000000000000000000e+00
0.000000000000000000e+00
0.000000000000000000e+00
0.000000000000000000e+00
0.000000000000000000e+00
0.000000000000000000e+00
0.000000000000000000e+00
0.000000000000000000e+00
0.000000000000000000e+00
0.000000000000000000e+00
0.000000000000000000e+00
0.000000000000000000e+00
0.000000000000000000e+00
0.000000000000000000e+00
0.000000000000000000e+00
0.000000000000000000e+00
0.000000000000000000e+00
0.000000000000000000e+00
0.000000000000000000e+00
0.000000000000000000e+00
0.000000000000000000e+00
0.000000000000000000e+00
0.000000000000000000e+00
0.000000000000000000e+00
4.900000000000000000e+01
2.320000000000000000e+02
3.660000000000000000e+02
5.190000000000000000e+02
6.150000000000000000e+02
6.320000000000000000e+02
6.470000000000000000e+02
6.760000000000000000e+02
6.930000000000000000e+02
6.850000000000000000e+02
6.930000000000000000e+02
7.050000000000000000e+02
7.000000000000000000e+02
6.960000000000000000e+02
7.040000000000000000e+02
7.010000000000000000e+02
7.030000000000000000e+02
7.000000000000000000e+02
7.140000000000000000e+02
6.980000000000000000e+02
7.060000000000000000e+02
7.060000000000000000e+02
7.160000000000000000e+02
7.060000000000000000e+02
7.080000000000000000e+02
7.130000000000000000e+02
7.120000000000000000e+02
7.100000000000000000e+02
7.130000000000000000e+02
7.150000000000000000e+02
7.140000000000000000e+02
7.150000000000000000e+02
7.100000000000000000e+02
7.130000000000000000e+02
7.110000000000000000e+02
7.150000000000000000e+02
7.160000000000000000e+02
7.170000000000000000e+02
7.120000000000000000e+02
7.170000000000000000e+02
7.130000000000000000e+02
7.170000000000000000e+02
7.140000000000000000e+02
7.170000000000000000e+02
7.120000000000000000e+02
7.100000000000000000e+02
7.190000000000000000e+02
7.190000000000000000e+02
7.130000000000000000e+02
7.100000000000000000e+02
7.210000000000000000e+02
7.110000000000000000e+02
7.190000000000000000e+02
7.120000000000000000e+02
7.220000000000000000e+02
7.110000000000000000e+02
7.190000000000000000e+02
7.140000000000000000e+02
7.210000000000000000e+02
7.150000000000000000e+02
7.200000000000000000e+02
7.140000000000000000e+02
7.190000000000000000e+02
7.160000000000000000e+02
6.210000000000000000e+02
3.100000000000000000e+01
0.000000000000000000e+00
0.000000000000000000e+00
0.000000000000000000e+00
0.000000000000000000e+00
0.000000000000000000e+00
0.000000000000000000e+00
0.000000000000000000e+00
0.000000000000000000e+00
0.000000000000000000e+00
0.000000000000000000e+00
0.000000000000000000e+00
0.000000000000000000e+00
0.000000000000000000e+00
0.000000000000000000e+00
0.000000000000000000e+00
0.000000000000000000e+00
0.000000000000000000e+00
0.000000000000000000e+00
0.000000000000000000e+00
0.000000000000000000e+00
0.000000000000000000e+00
0.000000000000000000e+00
0.000000000000000000e+00
0.000000000000000000e+00
0.000000000000000000e+00
0.000000000000000000e+00
0.000000000000000000e+00
0.000000000000000000e+00
0.000000000000000000e+00
0.000000000000000000e+00
0.000000000000000000e+00
0.000000000000000000e+00
0.000000000000000000e+00
0.000000000000000000e+00
0.000000000000000000e+00
0.000000000000000000e+00
0.000000000000000000e+00
0.000000000000000000e+00
0.000000000000000000e+00
0.000000000000000000e+00
0.000000000000000000e+00
0.000000000000000000e+00
0.000000000000000000e+00
0.000000000000000000e+00
0.000000000000000000e+00
0.000000000000000000e+00
0.000000000000000000e+00
0.000000000000000000e+00
0.000000000000000000e+00
0.000000000000000000e+00
0.000000000000000000e+00
0.000000000000000000e+00
0.000000000000000000e+00
0.000000000000000000e+00
0.000000000000000000e+00
0.000000000000000000e+00
0.000000000000000000e+00
0.000000000000000000e+00
0.000000000000000000e+00
0.000000000000000000e+00
0.000000000000000000e+00
0.000000000000000000e+00
0.000000000000000000e+00
0.000000000000000000e+00
0.000000000000000000e+00
0.000000000000000000e+00
0.000000000000000000e+00
0.000000000000000000e+00
0.000000000000000000e+00
0.000000000000000000e+00
0.000000000000000000e+00
0.000000000000000000e+00
0.000000000000000000e+00
0.000000000000000000e+00
0.000000000000000000e+00
0.000000000000000000e+00
0.000000000000000000e+00
0.000000000000000000e+00
0.000000000000000000e+00
0.000000000000000000e+00
0.000000000000000000e+00
0.000000000000000000e+00
0.000000000000000000e+00
0.000000000000000000e+00
0.000000000000000000e+00
0.000000000000000000e+00
0.000000000000000000e+00
0.000000000000000000e+00
0.000000000000000000e+00
0.000000000000000000e+00
0.000000000000000000e+00
0.000000000000000000e+00
0.000000000000000000e+00
0.000000000000000000e+00
0.000000000000000000e+00
0.000000000000000000e+00
0.000000000000000000e+00
0.000000000000000000e+00
0.000000000000000000e+00
0.000000000000000000e+00
0.000000000000000000e+00
0.000000000000000000e+00
0.000000000000000000e+00
