0.000000000000000000e+00
0.000000000000000000e+00
0.000000000000000000e+00
0.000000000000000000e+00
0.000000000000000000e+00
0.000000000000000000e+00
0.000000000000000000e+00
0.000000000000000000e+00
0.000000000000000000e+00
0.000000000000000000e+00
0.000000000000000000e+00
0.000000000000000000e+00
0.000000000000000000e+00
0.000000000000000000e+00
0.000000000000000000e+00
0.000000000000000000e+00
0.000000000000000000e+00
0.000000000000000000e+00
0.000000000000000000e+00
0.000000000000000000e+00
0.000000000000000000e+00
0.000000000000000000e+00
0.000000000000000000e+00
0.000000000000000000e+00
0.000000000000000000e+00
0.000000000000000000e+00
0.000000000000000000e+00
0.000000000000000000e+00
0.000000000000000000e+00
0.000000000000000000e+00
0.000000000000000000e+00
0.000000000000000000e+00
0.000000000000000000e+00
3.010000000000000000e+02
1.390000000000000000e+02
4.670000000000000000e+02
7.320000000000000000e+02
8.320000000000000000e+02
8.380000000000000000e+02
8.840000000000000000e+02
8.280000000000000000e+02
8.290000000000000000e+02
8.550000000000000000e+02
8.360000000000000000e+02
8.620000000000000000e+02
8.380000000000000000e+02
8.650000000000000000e+02
8.440000000000000000e+02
8.610000000000000000e+02
8.510000000000000000e+02
8.590000000000000000e+02
8.520000000000000000e+02
8.640000000000000000e+02
8.530000000000000000e+02
8.640000000000000000e+02
8.560000000000000000e+02
8.610000000000000000e+02
8.580000000000000000e+02
8.620000000000000000e+02
8.580000000000000000e+02
8.620000000000000000e+02
8.610000000000000000e+02
8.630000000000000000e+02
8.620000000000000000e+02
8.640000000000000000e+02
8.620000000000000000e+02
8.630000000000000000e+02
8.630000000000000000e+02
8.620000000000000000e+02
8.630000000000000000e+02
8.640000000000000000e+02
8.640000000000000000e+02
8.640000000000000000e+02
8.640000000000000000e+02
8.660000000000000000e+02
8.640000000000000000e+02
8.660000000000000000e+02
8.650000000000000000e+02
8.650000000000000000e+02
8.650000000000000000e+02
8.660000000000000000e+02
8.660000000000000000e+02
8.670000000000000000e+02
8.660000000000000000e+02
8.660000000000000000e+02
8.670000000000000000e+02
8.660000000000000000e+02
8.670000000000000000e+02
8.670000000000000000e+02
8.670000000000000000e+02
8.660000000000000000e+02
8.670000000000000000e+02
8.680000000000000000e+02
8.660000000000000000e+02
8.680000000000000000e+02
8.680000000000000000e+02
8.680000000000000000e+02
8.680000000000000000e+02
8.680000000000000000e+02
8.530000000000000000e+02
8.090000000000000000e+02
0.000000000000000000e+00
0.000000000000000000e+00
0.000000000000000000e+00
0.000000000000000000e+00
0.000000000000000000e+00
0.000000000000000000e+00
0.000000000000000000e+00
0.000000000000000000e+00
0.000000000000000000e+00
0.000000000000000000e+00
0.000000000000000000e+00
0.000000000000000000e+00
0.000000000000000000e+00
0.000000000000000000e+00
0.000000000000000000e+00
0.000000000000000000e+00
0.000000000000000000e+00
0.000000000000000000e+00
0.000000000000000000e+00
0.000000000000000000e+00
0.000000000000000000e+00
0.000000000000000000e+00
0.000000000000000000e+00
0.000000000000000000e+00
0.000000000000000000e+00
0.000000000000000000e+00
0.000000000000000000e+00
0.000000000000000000e+00
0.000000000000000000e+00
0.000000000000000000e+00
0.000000000000000000e+00
0.000000000000000000e+00
0.000000000000000000e+00
0.000000000000000000e+00
0.000000000000000000e+00
0.000000000000000000e+00
0.000000000000000000e+00
0.000000000000000000e+00
0.000000000000000000e+00
1.040000000000000000e+02
2.670000000000000000e+02
4.870000000000000000e+02
5.610000000000000000e+02
5.820000000000000000e+02
6.700000000000000000e+02
7.290000000000000000e+02
7.350000000000000000e+02
7.540000000000000000e+02
7.650000000000000000e+02
7.830000000000000000e+02
8.060000000000000000e+02
8.090000000000000000e+02
8.080000000000000000e+02
8.120000000000000000e+02
8.130000000000000000e+02
8.140000000000000000e+02
8.150000000000000000e+02
8.160000000000000000e+02
8.160000000000000000e+02
8.170000000000000000e+02
8.170000000000000000e+02
8.200000000000000000e+02
8.180000000000000000e+02
8.190000000000000000e+02
8.200000000000000000e+02
8.180000000000000000e+02
8.220000000000000000e+02
8.190000000000000000e+02
8.230000000000000000e+02
8.220000000000000000e+02
8.220000000000000000e+02
8.240000000000000000e+02
8.230000000000000000e+02
8.240000000000000000e+02
8.220000000000000000e+02
8.240000000000000000e+02
8.250000000000000000e+02
8.220000000000000000e+02
8.250000000000000000e+02
8.240000000000000000e+02
8.240000000000000000e+02
8.250000000000000000e+02
8.250000000000000000e+02
8.230000000000000000e+02
8.260000000000000000e+02
8.240000000000000000e+02
8.260000000000000000e+02
8.260000000000000000e+02
8.250000000000000000e+02
8.230000000000000000e+02
8.260000000000000000e+02
8.260000000000000000e+02
8.260000000000000000e+02
8.240000000000000000e+02
8.260000000000000000e+02
8.260000000000000000e+02
8.260000000000000000e+02
8.260000000000000000e+02
8.270000000000000000e+02
8.270000000000000000e+02
8.270000000000000000e+02
8.260000000000000000e+02
8.270000000000000000e+02
8.270000000000000000e+02
8.280000000000000000e+02
8.270000000000000000e+02
8.260000000000000000e+02
8.280000000000000000e+02
8.280000000000000000e+02
8.290000000000000000e+02
8.280000000000000000e+02
8.280000000000000000e+02
8.280000000000000000e+02
8.270000000000000000e+02
8.280000000000000000e+02
8.280000000000000000e+02
8.280000000000000000e+02
8.280000000000000000e+02
8.270000000000000000e+02
8.290000000000000000e+02
8.280000000000000000e+02
8.270000000000000000e+02
8.290000000000000000e+02
8.280000000000000000e+02
8.290000000000000000e+02
8.280000000000000000e+02
8.290000000000000000e+02
8.290000000000000000e+02
8.290000000000000000e+02
8.290000000000000000e+02
8.180000000000000000e+02
5.820000000000000000e+02
0.000000000000000000e+00
0.000000000000000000e+00
0.000000000000000000e+00
0.000000000000000000e+00
0.000000000000000000e+00
0.000000000000000000e+00
0.000000000000000000e+00
0.000000000000000000e+00
0.000000000000000000e+00
0.000000000000000000e+00
0.000000000000000000e+00
0.000000000000000000e+00
0.000000000000000000e+00
0.000000000000000000e+00
0.000000000000000000e+00
0.000000000000000000e+00
0.000000000000000000e+00
0.000000000000000000e+00
0.000000000000000000e+00
0.000000000000000000e+00
0.000000000000000000e+00
0.000000000000000000e+00
0.000000000000000000e+00
0.000000000000000000e+00
0.000000000000000000e+00
0.000000000000000000e+00
0.000000000000000000e+00
0.000000000000000000e+00
0.000000000000000000e+00
0.000000000000000000e+00
0.000000000000000000e+00
0.000000000000000000e+00
0.000000000000000000e+00
0.000000000000000000e+00
0.000000000000000000e+00
0.000000000000000000e+00
0.000000000000000000e+00
0.000000000000000000e+00
0.000000000000000000e+00
0.000000000000000000e+00
0.000000000000000000e+00
0.000000000000000000e+00
0.000000000000000000e+00
0.000000000000000000e+00
0.000000000000000000e+00
0.000000000000000000e+00
0.000000000000000000e+00
0.000000000000000000e+00
0.000000000000000000e+00
0.000000000000000000e+00
0.000000000000000000e+00
0.000000000000000000e+00
0.000000000000000000e+00
0.000000000000000000e+00
0.000000000000000000e+00
0.000000000000000000e+00
0.000000000000000000e+00
0.000000000000000000e+00
0.000000000000000000e+00
0.000000000000000000e+00
0.000000000000000000e+00
0.000000000000000000e+00
0.000000000000000000e+00
0.000000000000000000e+00
0.000000000000000000e+00
0.000000000000000000e+00
0.000000000000000000e+00
