0.000000000000000000e+00
0.000000000000000000e+00
0.000000000000000000e+00
0.000000000000000000e+00
0.000000000000000000e+00
0.000000000000000000e+00
0.000000000000000000e+00
0.000000000000000000e+00
0.000000000000000000e+00
0.000000000000000000e+00
0.000000000000000000e+00
0.000000000000000000e+00
0.000000000000000000e+00
0.000000000000000000e+00
0.000000000000000000e+00
0.000000000000000000e+00
0.000000000000000000e+00
0.000000000000000000e+00
0.000000000000000000e+00
0.000000000000000000e+00
0.000000000000000000e+00
0.000000000000000000e+00
0.000000000000000000e+00
0.000000000000000000e+00
0.000000000000000000e+00
0.000000000000000000e+00
0.000000000000000000e+00
5.500000000000000000e+01
3.430000000000000000e+02
5.570000000000000000e+02
6.550000000000000000e+02
7.740000000000000000e+02
8.060000000000000000e+02
8.230000000000000000e+02
8.340000000000000000e+02
8.390000000000000000e+02
8.520000000000000000e+02
8.580000000000000000e+02
8.440000000000000000e+02
8.470000000000000000e+02
8.590000000000000000e+02
8.580000000000000000e+02
8.450000000000000000e+02
8.480000000000000000e+02
8.580000000000000000e+02
8.630000000000000000e+02
8.520000000000000000e+02
8.520000000000000000e+02
8.600000000000000000e+02
8.590000000000000000e+02
8.620000000000000000e+02
8.540000000000000000e+02
8.600000000000000000e+02
8.640000000000000000e+02
8.610000000000000000e+02
8.600000000000000000e+02
8.600000000000000000e+02
8.660000000000000000e+02
8.660000000000000000e+02
8.620000000000000000e+02
8.640000000000000000e+02
8.630000000000000000e+02
8.670000000000000000e+02
8.660000000000000000e+02
8.650000000000000000e+02
8.660000000000000000e+02
8.670000000000000000e+02
8.660000000000000000e+02
8.660000000000000000e+02
8.660000000000000000e+02
8.690000000000000000e+02
8.650000000000000000e+02
8.650000000000000000e+02
8.680000000000000000e+02
8.700000000000000000e+02
8.690000000000000000e+02
8.660000000000000000e+02
8.680000000000000000e+02
8.700000000000000000e+02
8.690000000000000000e+02
8.690000000000000000e+02
8.700000000000000000e+02
8.710000000000000000e+02
8.700000000000000000e+02
8.700000000000000000e+02
8.700000000000000000e+02
8.710000000000000000e+02
8.720000000000000000e+02
8.700000000000000000e+02
8.710000000000000000e+02
8.730000000000000000e+02
8.710000000000000000e+02
8.680000000000000000e+02
8.720000000000000000e+02
8.720000000000000000e+02
8.700000000000000000e+02
8.690000000000000000e+02
8.720000000000000000e+02
8.720000000000000000e+02
8.720000000000000000e+02
8.720000000000000000e+02
8.710000000000000000e+02
8.710000000000000000e+02
8.550000000000000000e+02
8.080000000000000000e+02
0.000000000000000000e+00
0.000000000000000000e+00
0.000000000000000000e+00
0.000000000000000000e+00
0.000000000000000000e+00
0.000000000000000000e+00
0.000000000000000000e+00
0.000000000000000000e+00
0.000000000000000000e+00
0.000000000000000000e+00
0.000000000000000000e+00
0.000000000000000000e+00
0.000000000000000000e+00
0.000000000000000000e+00
0.000000000000000000e+00
0.000000000000000000e+00
0.000000000000000000e+00
0.000000000000000000e+00
0.000000000000000000e+00
0.000000000000000000e+00
0.000000000000000000e+00
0.000000000000000000e+00
0.000000000000000000e+00
0.000000000000000000e+00
0.000000000000000000e+00
0.000000000000000000e+00
0.000000000000000000e+00
0.000000000000000000e+00
0.000000000000000000e+00
0.000000000000000000e+00
0.000000000000000000e+00
0.000000000000000000e+00
0.000000000000000000e+00
0.000000000000000000e+00
0.000000000000000000e+00
0.000000000000000000e+00
0.000000000000000000e+00
0.000000000000000000e+00
0.000000000000000000e+00
0.000000000000000000e+00
0.000000000000000000e+00
2.600000000000000000e+01
6.190000000000000000e+02
7.560000000000000000e+02
8.080000000000000000e+02
8.310000000000000000e+02
8.420000000000000000e+02
8.460000000000000000e+02
8.470000000000000000e+02
8.510000000000000000e+02
8.470000000000000000e+02
8.340000000000000000e+02
8.530000000000000000e+02
8.540000000000000000e+02
8.550000000000000000e+02
8.500000000000000000e+02
8.510000000000000000e+02
8.570000000000000000e+02
8.510000000000000000e+02
8.530000000000000000e+02
8.550000000000000000e+02
8.570000000000000000e+02
8.570000000000000000e+02
8.540000000000000000e+02
8.580000000000000000e+02
8.560000000000000000e+02
8.580000000000000000e+02
8.580000000000000000e+02
8.580000000000000000e+02
8.590000000000000000e+02
8.560000000000000000e+02
8.600000000000000000e+02
8.580000000000000000e+02
8.590000000000000000e+02
8.600000000000000000e+02
8.580000000000000000e+02
8.610000000000000000e+02
8.580000000000000000e+02
8.600000000000000000e+02
8.600000000000000000e+02
8.600000000000000000e+02
8.600000000000000000e+02
8.600000000000000000e+02
8.630000000000000000e+02
8.610000000000000000e+02
8.630000000000000000e+02
8.620000000000000000e+02
8.620000000000000000e+02
8.610000000000000000e+02
8.630000000000000000e+02
8.620000000000000000e+02
8.630000000000000000e+02
8.630000000000000000e+02
8.610000000000000000e+02
8.630000000000000000e+02
8.600000000000000000e+02
8.630000000000000000e+02
8.600000000000000000e+02
8.630000000000000000e+02
8.630000000000000000e+02
8.610000000000000000e+02
8.580000000000000000e+02
6.540000000000000000e+02
0.000000000000000000e+00
0.000000000000000000e+00
0.000000000000000000e+00
0.000000000000000000e+00
0.000000000000000000e+00
0.000000000000000000e+00
0.000000000000000000e+00
0.000000000000000000e+00
0.000000000000000000e+00
0.000000000000000000e+00
0.000000000000000000e+00
0.000000000000000000e+00
0.000000000000000000e+00
0.000000000000000000e+00
0.000000000000000000e+00
0.000000000000000000e+00
0.000000000000000000e+00
0.000000000000000000e+00
0.000000000000000000e+00
0.000000000000000000e+00
0.000000000000000000e+00
0.000000000000000000e+00
0.000000000000000000e+00
0.000000000000000000e+00
0.000000000000000000e+00
0.000000000000000000e+00
0.000000000000000000e+00
0.000000000000000000e+00
0.000000000000000000e+00
0.000000000000000000e+00
0.000000000000000000e+00
0.000000000000000000e+00
0.000000000000000000e+00
0.000000000000000000e+00
0.000000000000000000e+00
0.000000000000000000e+00
0.000000000000000000e+00
0.000000000000000000e+00
0.000000000000000000e+00
0.000000000000000000e+00
0.000000000000000000e+00
0.000000000000000000e+00
0.000000000000000000e+00
0.000000000000000000e+00
0.000000000000000000e+00
0.000000000000000000e+00
0.000000000000000000e+00
0.000000000000000000e+00
0.000000000000000000e+00
0.000000000000000000e+00
0.000000000000000000e+00
0.000000000000000000e+00
0.000000000000000000e+00
0.000000000000000000e+00
0.000000000000000000e+00
0.000000000000000000e+00
0.000000000000000000e+00
0.000000000000000000e+00
0.000000000000000000e+00
0.000000000000000000e+00
0.000000000000000000e+00
0.000000000000000000e+00
0.000000000000000000e+00
0.000000000000000000e+00
0.000000000000000000e+00
0.000000000000000000e+00
0.000000000000000000e+00
0.000000000000000000e+00
0.000000000000000000e+00
0.000000000000000000e+00
0.000000000000000000e+00
0.000000000000000000e+00
0.000000000000000000e+00
0.000000000000000000e+00
0.000000000000000000e+00
0.000000000000000000e+00
0.000000000000000000e+00
0.000000000000000000e+00
0.000000000000000000e+00
0.000000000000000000e+00
0.000000000000000000e+00
0.000000000000000000e+00
0.000000000000000000e+00
0.000000000000000000e+00
0.000000000000000000e+00
0.000000000000000000e+00
0.000000000000000000e+00
0.000000000000000000e+00
0.000000000000000000e+00
0.000000000000000000e+00
0.000000000000000000e+00
0.000000000000000000e+00
