0.000000000000000000e+00
0.000000000000000000e+00
0.000000000000000000e+00
0.000000000000000000e+00
0.000000000000000000e+00
0.000000000000000000e+00
0.000000000000000000e+00
0.000000000000000000e+00
0.000000000000000000e+00
0.000000000000000000e+00
0.000000000000000000e+00
0.000000000000000000e+00
0.000000000000000000e+00
0.000000000000000000e+00
0.000000000000000000e+00
0.000000000000000000e+00
0.000000000000000000e+00
0.000000000000000000e+00
4.300000000000000000e+01
0.000000000000000000e+00
0.000000000000000000e+00
0.000000000000000000e+00
3.900000000000000000e+01
0.000000000000000000e+00
2.900000000000000000e+02
3.480000000000000000e+02
3.770000000000000000e+02
4.370000000000000000e+02
5.120000000000000000e+02
5.800000000000000000e+02
6.260000000000000000e+02
6.530000000000000000e+02
7.170000000000000000e+02
7.430000000000000000e+02
7.870000000000000000e+02
8.080000000000000000e+02
8.270000000000000000e+02
8.410000000000000000e+02
8.590000000000000000e+02
8.700000000000000000e+02
8.710000000000000000e+02
8.780000000000000000e+02
8.820000000000000000e+02
8.800000000000000000e+02
8.870000000000000000e+02
8.890000000000000000e+02
8.840000000000000000e+02
8.880000000000000000e+02
8.930000000000000000e+02
8.880000000000000000e+02
8.920000000000000000e+02
8.940000000000000000e+02
8.900000000000000000e+02
8.950000000000000000e+02
8.920000000000000000e+02
8.900000000000000000e+02
8.980000000000000000e+02
8.880000000000000000e+02
8.990000000000000000e+02
8.950000000000000000e+02
9.000000000000000000e+02
8.940000000000000000e+02
8.990000000000000000e+02
9.010000000000000000e+02
8.960000000000000000e+02
8.990000000000000000e+02
9.010000000000000000e+02
8.950000000000000000e+02
9.030000000000000000e+02
8.940000000000000000e+02
9.020000000000000000e+02
9.000000000000000000e+02
8.990000000000000000e+02
9.010000000000000000e+02
8.980000000000000000e+02
9.030000000000000000e+02
9.000000000000000000e+02
9.020000000000000000e+02
9.050000000000000000e+02
8.880000000000000000e+02
9.090000000000000000e+02
8.960000000000000000e+02
9.050000000000000000e+02
8.980000000000000000e+02
9.060000000000000000e+02
8.980000000000000000e+02
9.040000000000000000e+02
9.040000000000000000e+02
9.010000000000000000e+02
9.050000000000000000e+02
9.010000000000000000e+02
9.070000000000000000e+02
9.000000000000000000e+02
9.070000000000000000e+02
9.010000000000000000e+02
9.050000000000000000e+02
9.060000000000000000e+02
9.040000000000000000e+02
9.060000000000000000e+02
9.060000000000000000e+02
9.090000000000000000e+02
9.070000000000000000e+02
9.050000000000000000e+02
9.080000000000000000e+02
9.040000000000000000e+02
8.970000000000000000e+02
9.050000000000000000e+02
9.110000000000000000e+02
9.160000000000000000e+02
9.020000000000000000e+02
9.000000000000000000e+02
8.700000000000000000e+02
7.680000000000000000e+02
0.000000000000000000e+00
0.000000000000000000e+00
0.000000000000000000e+00
0.000000000000000000e+00
0.000000000000000000e+00
0.000000000000000000e+00
0.000000000000000000e+00
0.000000000000000000e+00
0.000000000000000000e+00
0.000000000000000000e+00
0.000000000000000000e+00
0.000000000000000000e+00
0.000000000000000000e+00
0.000000000000000000e+00
0.000000000000000000e+00
0.000000000000000000e+00
0.000000000000000000e+00
0.000000000000000000e+00
0.000000000000000000e+00
0.000000000000000000e+00
0.000000000000000000e+00
0.000000000000000000e+00
0.000000000000000000e+00
0.000000000000000000e+00
0.000000000000000000e+00
0.000000000000000000e+00
0.000000000000000000e+00
0.000000000000000000e+00
0.000000000000000000e+00
0.000000000000000000e+00
0.000000000000000000e+00
0.000000000000000000e+00
0.000000000000000000e+00
0.000000000000000000e+00
0.000000000000000000e+00
0.000000000000000000e+00
0.000000000000000000e+00
0.000000000000000000e+00
0.000000000000000000e+00
0.000000000000000000e+00
0.000000000000000000e+00
0.000000000000000000e+00
0.000000000000000000e+00
0.000000000000000000e+00
0.000000000000000000e+00
0.000000000000000000e+00
0.000000000000000000e+00
0.000000000000000000e+00
1.800000000000000000e+02
2.070000000000000000e+02
4.460000000000000000e+02
6.320000000000000000e+02
6.570000000000000000e+02
6.710000000000000000e+02
7.090000000000000000e+02
7.010000000000000000e+02
6.950000000000000000e+02
7.130000000000000000e+02
7.070000000000000000e+02
7.200000000000000000e+02
7.400000000000000000e+02
7.570000000000000000e+02
7.530000000000000000e+02
7.830000000000000000e+02
8.010000000000000000e+02
7.960000000000000000e+02
7.970000000000000000e+02
8.030000000000000000e+02
7.950000000000000000e+02
7.970000000000000000e+02
8.040000000000000000e+02
8.070000000000000000e+02
8.010000000000000000e+02
8.000000000000000000e+02
8.060000000000000000e+02
8.060000000000000000e+02
8.050000000000000000e+02
8.070000000000000000e+02
8.090000000000000000e+02
8.060000000000000000e+02
8.110000000000000000e+02
8.050000000000000000e+02
8.050000000000000000e+02
8.070000000000000000e+02
8.120000000000000000e+02
8.070000000000000000e+02
8.070000000000000000e+02
8.100000000000000000e+02
8.100000000000000000e+02
8.080000000000000000e+02
8.090000000000000000e+02
8.080000000000000000e+02
8.110000000000000000e+02
8.100000000000000000e+02
8.080000000000000000e+02
8.090000000000000000e+02
8.130000000000000000e+02
8.080000000000000000e+02
8.100000000000000000e+02
8.150000000000000000e+02
8.080000000000000000e+02
8.090000000000000000e+02
8.120000000000000000e+02
8.110000000000000000e+02
8.140000000000000000e+02
8.110000000000000000e+02
8.080000000000000000e+02
8.090000000000000000e+02
8.130000000000000000e+02
8.110000000000000000e+02
8.090000000000000000e+02
8.140000000000000000e+02
8.070000000000000000e+02
8.120000000000000000e+02
7.890000000000000000e+02
6.680000000000000000e+02
7.840000000000000000e+02
7.650000000000000000e+02
5.600000000000000000e+01
0.000000000000000000e+00
0.000000000000000000e+00
0.000000000000000000e+00
0.000000000000000000e+00
0.000000000000000000e+00
0.000000000000000000e+00
0.000000000000000000e+00
0.000000000000000000e+00
0.000000000000000000e+00
0.000000000000000000e+00
0.000000000000000000e+00
0.000000000000000000e+00
0.000000000000000000e+00
0.000000000000000000e+00
0.000000000000000000e+00
0.000000000000000000e+00
0.000000000000000000e+00
0.000000000000000000e+00
0.000000000000000000e+00
0.000000000000000000e+00
0.000000000000000000e+00
0.000000000000000000e+00
0.000000000000000000e+00
0.000000000000000000e+00
0.000000000000000000e+00
0.000000000000000000e+00
0.000000000000000000e+00
0.000000000000000000e+00
0.000000000000000000e+00
0.000000000000000000e+00
0.000000000000000000e+00
0.000000000000000000e+00
0.000000000000000000e+00
0.000000000000000000e+00
0.000000000000000000e+00
0.000000000000000000e+00
0.000000000000000000e+00
0.000000000000000000e+00
0.000000000000000000e+00
0.000000000000000000e+00
0.000000000000000000e+00
0.000000000000000000e+00
0.000000000000000000e+00
0.000000000000000000e+00
0.000000000000000000e+00
0.000000000000000000e+00
0.000000000000000000e+00
0.000000000000000000e+00
0.000000000000000000e+00
0.000000000000000000e+00
0.000000000000000000e+00
0.000000000000000000e+00
0.000000000000000000e+00
0.000000000000000000e+00
0.000000000000000000e+00
0.000000000000000000e+00
0.000000000000000000e+00
0.000000000000000000e+00
0.000000000000000000e+00
0.000000000000000000e+00
0.000000000000000000e+00
0.000000000000000000e+00
0.000000000000000000e+00
0.000000000000000000e+00
0.000000000000000000e+00
0.000000000000000000e+00
0.000000000000000000e+00
0.000000000000000000e+00
