0.000000000000000000e+00
0.000000000000000000e+00
0.000000000000000000e+00
0.000000000000000000e+00
0.000000000000000000e+00
0.000000000000000000e+00
0.000000000000000000e+00
0.000000000000000000e+00
0.000000000000000000e+00
0.000000000000000000e+00
0.000000000000000000e+00
0.000000000000000000e+00
0.000000000000000000e+00
0.000000000000000000e+00
0.000000000000000000e+00
0.000000000000000000e+00
0.000000000000000000e+00
0.000000000000000000e+00
0.000000000000000000e+00
0.000000000000000000e+00
0.000000000000000000e+00
0.000000000000000000e+00
0.000000000000000000e+00
0.000000000000000000e+00
0.000000000000000000e+00
0.000000000000000000e+00
0.000000000000000000e+00
0.000000000000000000e+00
0.000000000000000000e+00
0.000000000000000000e+00
0.000000000000000000e+00
0.000000000000000000e+00
0.000000000000000000e+00
0.000000000000000000e+00
0.000000000000000000e+00
0.000000000000000000e+00
0.000000000000000000e+00
0.000000000000000000e+00
0.000000000000000000e+00
0.000000000000000000e+00
0.000000000000000000e+00
0.000000000000000000e+00
0.000000000000000000e+00
0.000000000000000000e+00
0.000000000000000000e+00
0.000000000000000000e+00
0.000000000000000000e+00
0.000000000000000000e+00
0.000000000000000000e+00
0.000000000000000000e+00
0.000000000000000000e+00
0.000000000000000000e+00
0.000000000000000000e+00
0.000000000000000000e+00
0.000000000000000000e+00
0.000000000000000000e+00
0.000000000000000000e+00
0.000000000000000000e+00
0.000000000000000000e+00
0.000000000000000000e+00
0.000000000000000000e+00
0.000000000000000000e+00
5.200000000000000000e+01
2.010000000000000000e+02
4.430000000000000000e+02
7.170000000000000000e+02
7.670000000000000000e+02
8.400000000000000000e+02
8.340000000000000000e+02
8.250000000000000000e+02
8.010000000000000000e+02
8.470000000000000000e+02
8.450000000000000000e+02
8.390000000000000000e+02
8.340000000000000000e+02
8.630000000000000000e+02
8.450000000000000000e+02
8.450000000000000000e+02
8.550000000000000000e+02
8.630000000000000000e+02
8.500000000000000000e+02
8.550000000000000000e+02
8.630000000000000000e+02
8.540000000000000000e+02
8.480000000000000000e+02
8.670000000000000000e+02
8.540000000000000000e+02
8.560000000000000000e+02
8.560000000000000000e+02
8.650000000000000000e+02
8.580000000000000000e+02
8.600000000000000000e+02
8.620000000000000000e+02
8.580000000000000000e+02
8.560000000000000000e+02
8.660000000000000000e+02
8.580000000000000000e+02
8.590000000000000000e+02
8.620000000000000000e+02
8.680000000000000000e+02
8.590000000000000000e+02
8.660000000000000000e+02
8.640000000000000000e+02
8.600000000000000000e+02
8.670000000000000000e+02
8.620000000000000000e+02
8.640000000000000000e+02
8.570000000000000000e+02
8.720000000000000000e+02
8.570000000000000000e+02
8.700000000000000000e+02
8.590000000000000000e+02
8.700000000000000000e+02
8.570000000000000000e+02
8.700000000000000000e+02
8.610000000000000000e+02
8.630000000000000000e+02
8.660000000000000000e+02
8.700000000000000000e+02
8.650000000000000000e+02
8.620000000000000000e+02
8.690000000000000000e+02
8.630000000000000000e+02
8.730000000000000000e+02
8.650000000000000000e+02
8.740000000000000000e+02
8.650000000000000000e+02
8.650000000000000000e+02
8.620000000000000000e+02
8.810000000000000000e+02
8.750000000000000000e+02
8.100000000000000000e+02
3.960000000000000000e+02
0.000000000000000000e+00
0.000000000000000000e+00
0.000000000000000000e+00
0.000000000000000000e+00
0.000000000000000000e+00
0.000000000000000000e+00
0.000000000000000000e+00
0.000000000000000000e+00
0.000000000000000000e+00
0.000000000000000000e+00
0.000000000000000000e+00
0.000000000000000000e+00
0.000000000000000000e+00
0.000000000000000000e+00
0.000000000000000000e+00
0.000000000000000000e+00
0.000000000000000000e+00
0.000000000000000000e+00
0.000000000000000000e+00
0.000000000000000000e+00
0.000000000000000000e+00
0.000000000000000000e+00
0.000000000000000000e+00
0.000000000000000000e+00
0.000000000000000000e+00
0.000000000000000000e+00
0.000000000000000000e+00
0.000000000000000000e+00
5.500000000000000000e+01
1.900000000000000000e+02
4.450000000000000000e+02
6.180000000000000000e+02
6.680000000000000000e+02
7.200000000000000000e+02
7.410000000000000000e+02
7.460000000000000000e+02
7.500000000000000000e+02
7.740000000000000000e+02
7.920000000000000000e+02
7.910000000000000000e+02
7.900000000000000000e+02
7.840000000000000000e+02
7.880000000000000000e+02
7.940000000000000000e+02
7.960000000000000000e+02
7.890000000000000000e+02
7.940000000000000000e+02
7.950000000000000000e+02
7.960000000000000000e+02
7.950000000000000000e+02
7.950000000000000000e+02
7.990000000000000000e+02
7.950000000000000000e+02
7.980000000000000000e+02
7.950000000000000000e+02
7.990000000000000000e+02
7.990000000000000000e+02
7.970000000000000000e+02
7.980000000000000000e+02
7.970000000000000000e+02
8.000000000000000000e+02
7.980000000000000000e+02
8.010000000000000000e+02
7.980000000000000000e+02
8.000000000000000000e+02
7.990000000000000000e+02
7.980000000000000000e+02
7.990000000000000000e+02
7.990000000000000000e+02
8.010000000000000000e+02
8.010000000000000000e+02
7.980000000000000000e+02
8.010000000000000000e+02
8.000000000000000000e+02
8.000000000000000000e+02
7.990000000000000000e+02
8.010000000000000000e+02
7.990000000000000000e+02
8.020000000000000000e+02
7.980000000000000000e+02
8.030000000000000000e+02
8.000000000000000000e+02
8.000000000000000000e+02
8.010000000000000000e+02
8.020000000000000000e+02
8.030000000000000000e+02
8.010000000000000000e+02
8.030000000000000000e+02
8.020000000000000000e+02
8.100000000000000000e+02
8.130000000000000000e+02
7.170000000000000000e+02
0.000000000000000000e+00
0.000000000000000000e+00
0.000000000000000000e+00
0.000000000000000000e+00
0.000000000000000000e+00
0.000000000000000000e+00
0.000000000000000000e+00
0.000000000000000000e+00
0.000000000000000000e+00
0.000000000000000000e+00
0.000000000000000000e+00
0.000000000000000000e+00
0.000000000000000000e+00
0.000000000000000000e+00
0.000000000000000000e+00
0.000000000000000000e+00
0.000000000000000000e+00
0.000000000000000000e+00
0.000000000000000000e+00
0.000000000000000000e+00
0.000000000000000000e+00
0.000000000000000000e+00
0.000000000000000000e+00
0.000000000000000000e+00
0.000000000000000000e+00
0.000000000000000000e+00
0.000000000000000000e+00
0.000000000000000000e+00
0.000000000000000000e+00
0.000000000000000000e+00
0.000000000000000000e+00
0.000000000000000000e+00
0.000000000000000000e+00
0.000000000000000000e+00
0.000000000000000000e+00
0.000000000000000000e+00
0.000000000000000000e+00
0.000000000000000000e+00
0.000000000000000000e+00
0.000000000000000000e+00
0.000000000000000000e+00
0.000000000000000000e+00
0.000000000000000000e+00
0.000000000000000000e+00
0.000000000000000000e+00
0.000000000000000000e+00
0.000000000000000000e+00
0.000000000000000000e+00
0.000000000000000000e+00
0.000000000000000000e+00
0.000000000000000000e+00
0.000000000000000000e+00
0.000000000000000000e+00
0.000000000000000000e+00
0.000000000000000000e+00
0.000000000000000000e+00
0.000000000000000000e+00
0.000000000000000000e+00
0.000000000000000000e+00
0.000000000000000000e+00
0.000000000000000000e+00
0.000000000000000000e+00
0.000000000000000000e+00
0.000000000000000000e+00
0.000000000000000000e+00
0.000000000000000000e+00
0.000000000000000000e+00
0.000000000000000000e+00
0.000000000000000000e+00
0.000000000000000000e+00
0.000000000000000000e+00
0.000000000000000000e+00
0.000000000000000000e+00
0.000000000000000000e+00
0.000000000000000000e+00
