0.000000000000000000e+00
0.000000000000000000e+00
0.000000000000000000e+00
0.000000000000000000e+00
0.000000000000000000e+00
0.000000000000000000e+00
0.000000000000000000e+00
0.000000000000000000e+00
0.000000000000000000e+00
0.000000000000000000e+00
0.000000000000000000e+00
0.000000000000000000e+00
0.000000000000000000e+00
0.000000000000000000e+00
0.000000000000000000e+00
0.000000000000000000e+00
0.000000000000000000e+00
0.000000000000000000e+00
0.000000000000000000e+00
0.000000000000000000e+00
0.000000000000000000e+00
0.000000000000000000e+00
0.000000000000000000e+00
0.000000000000000000e+00
0.000000000000000000e+00
0.000000000000000000e+00
0.000000000000000000e+00
0.000000000000000000e+00
0.000000000000000000e+00
0.000000000000000000e+00
0.000000000000000000e+00
0.000000000000000000e+00
0.000000000000000000e+00
0.000000000000000000e+00
0.000000000000000000e+00
0.000000000000000000e+00
0.000000000000000000e+00
0.000000000000000000e+00
0.000000000000000000e+00
0.000000000000000000e+00
0.000000000000000000e+00
0.000000000000000000e+00
0.000000000000000000e+00
0.000000000000000000e+00
0.000000000000000000e+00
0.000000000000000000e+00
1.600000000000000000e+01
1.190000000000000000e+02
7.100000000000000000e+01
5.780000000000000000e+02
7.660000000000000000e+02
8.060000000000000000e+02
8.480000000000000000e+02
8.500000000000000000e+02
7.840000000000000000e+02
8.350000000000000000e+02
8.440000000000000000e+02
8.510000000000000000e+02
8.300000000000000000e+02
8.600000000000000000e+02
8.320000000000000000e+02
8.500000000000000000e+02
8.640000000000000000e+02
8.620000000000000000e+02
8.530000000000000000e+02
8.710000000000000000e+02
8.590000000000000000e+02
8.600000000000000000e+02
8.660000000000000000e+02
8.700000000000000000e+02
8.530000000000000000e+02
8.710000000000000000e+02
8.670000000000000000e+02
8.640000000000000000e+02
8.720000000000000000e+02
8.710000000000000000e+02
8.650000000000000000e+02
8.710000000000000000e+02
8.740000000000000000e+02
8.640000000000000000e+02
8.760000000000000000e+02
8.660000000000000000e+02
8.730000000000000000e+02
8.670000000000000000e+02
8.770000000000000000e+02
8.620000000000000000e+02
8.780000000000000000e+02
8.680000000000000000e+02
8.750000000000000000e+02
8.710000000000000000e+02
8.760000000000000000e+02
8.680000000000000000e+02
8.750000000000000000e+02
8.750000000000000000e+02
8.690000000000000000e+02
8.770000000000000000e+02
8.740000000000000000e+02
8.750000000000000000e+02
8.720000000000000000e+02
8.770000000000000000e+02
8.720000000000000000e+02
8.780000000000000000e+02
8.760000000000000000e+02
8.730000000000000000e+02
8.780000000000000000e+02
8.740000000000000000e+02
8.770000000000000000e+02
8.770000000000000000e+02
8.750000000000000000e+02
8.770000000000000000e+02
8.770000000000000000e+02
8.760000000000000000e+02
8.770000000000000000e+02
8.790000000000000000e+02
8.780000000000000000e+02
8.730000000000000000e+02
8.840000000000000000e+02
8.750000000000000000e+02
8.520000000000000000e+02
7.050000000000000000e+02
1.700000000000000000e+01
7.000000000000000000e+01
8.000000000000000000e+00
0.000000000000000000e+00
0.000000000000000000e+00
0.000000000000000000e+00
0.000000000000000000e+00
0.000000000000000000e+00
0.000000000000000000e+00
0.000000000000000000e+00
0.000000000000000000e+00
0.000000000000000000e+00
0.000000000000000000e+00
0.000000000000000000e+00
0.000000000000000000e+00
0.000000000000000000e+00
0.000000000000000000e+00
0.000000000000000000e+00
0.000000000000000000e+00
0.000000000000000000e+00
0.000000000000000000e+00
0.000000000000000000e+00
0.000000000000000000e+00
0.000000000000000000e+00
0.000000000000000000e+00
0.000000000000000000e+00
0.000000000000000000e+00
0.000000000000000000e+00
0.000000000000000000e+00
0.000000000000000000e+00
0.000000000000000000e+00
0.000000000000000000e+00
0.000000000000000000e+00
0.000000000000000000e+00
0.000000000000000000e+00
0.000000000000000000e+00
0.000000000000000000e+00
0.000000000000000000e+00
0.000000000000000000e+00
0.000000000000000000e+00
0.000000000000000000e+00
0.000000000000000000e+00
0.000000000000000000e+00
0.000000000000000000e+00
0.000000000000000000e+00
0.000000000000000000e+00
0.000000000000000000e+00
0.000000000000000000e+00
0.000000000000000000e+00
0.000000000000000000e+00
0.000000000000000000e+00
0.000000000000000000e+00
0.000000000000000000e+00
0.000000000000000000e+00
0.000000000000000000e+00
0.000000000000000000e+00
0.000000000000000000e+00
0.000000000000000000e+00
0.000000000000000000e+00
0.000000000000000000e+00
0.000000000000000000e+00
0.000000000000000000e+00
0.000000000000000000e+00
0.000000000000000000e+00
0.000000000000000000e+00
0.000000000000000000e+00
0.000000000000000000e+00
0.000000000000000000e+00
7.000000000000000000e+01
8.500000000000000000e+01
1.390000000000000000e+02
5.350000000000000000e+02
7.550000000000000000e+02
8.440000000000000000e+02
8.660000000000000000e+02
8.130000000000000000e+02
8.190000000000000000e+02
8.440000000000000000e+02
8.790000000000000000e+02
8.780000000000000000e+02
8.800000000000000000e+02
8.940000000000000000e+02
9.000000000000000000e+02
9.150000000000000000e+02
9.070000000000000000e+02
9.110000000000000000e+02
9.040000000000000000e+02
9.060000000000000000e+02
9.110000000000000000e+02
9.170000000000000000e+02
9.120000000000000000e+02
9.100000000000000000e+02
9.100000000000000000e+02
9.120000000000000000e+02
9.170000000000000000e+02
9.140000000000000000e+02
9.130000000000000000e+02
9.110000000000000000e+02
9.140000000000000000e+02
9.170000000000000000e+02
9.160000000000000000e+02
9.130000000000000000e+02
9.140000000000000000e+02
9.150000000000000000e+02
9.160000000000000000e+02
9.170000000000000000e+02
9.130000000000000000e+02
9.150000000000000000e+02
9.150000000000000000e+02
9.160000000000000000e+02
9.170000000000000000e+02
9.130000000000000000e+02
9.150000000000000000e+02
9.140000000000000000e+02
9.180000000000000000e+02
9.170000000000000000e+02
9.140000000000000000e+02
9.160000000000000000e+02
9.140000000000000000e+02
9.170000000000000000e+02
9.160000000000000000e+02
9.160000000000000000e+02
9.140000000000000000e+02
9.170000000000000000e+02
9.170000000000000000e+02
9.180000000000000000e+02
9.150000000000000000e+02
9.150000000000000000e+02
9.170000000000000000e+02
9.160000000000000000e+02
9.180000000000000000e+02
9.160000000000000000e+02
9.150000000000000000e+02
9.150000000000000000e+02
9.300000000000000000e+02
9.350000000000000000e+02
5.430000000000000000e+02
0.000000000000000000e+00
0.000000000000000000e+00
2.000000000000000000e+00
0.000000000000000000e+00
0.000000000000000000e+00
4.000000000000000000e+00
8.000000000000000000e+00
2.000000000000000000e+00
2.000000000000000000e+00
0.000000000000000000e+00
0.000000000000000000e+00
0.000000000000000000e+00
5.000000000000000000e+00
1.500000000000000000e+01
1.500000000000000000e+01
3.000000000000000000e+00
5.000000000000000000e+00
0.000000000000000000e+00
0.000000000000000000e+00
0.000000000000000000e+00
0.000000000000000000e+00
0.000000000000000000e+00
0.000000000000000000e+00
0.000000000000000000e+00
0.000000000000000000e+00
0.000000000000000000e+00
0.000000000000000000e+00
0.000000000000000000e+00
0.000000000000000000e+00
0.000000000000000000e+00
0.000000000000000000e+00
0.000000000000000000e+00
0.000000000000000000e+00
0.000000000000000000e+00
0.000000000000000000e+00
0.000000000000000000e+00
0.000000000000000000e+00
0.000000000000000000e+00
0.000000000000000000e+00
0.000000000000000000e+00
0.000000000000000000e+00
0.000000000000000000e+00
0.000000000000000000e+00
