0.000000000000000000e+00
0.000000000000000000e+00
0.000000000000000000e+00
0.000000000000000000e+00
0.000000000000000000e+00
0.000000000000000000e+00
0.000000000000000000e+00
0.000000000000000000e+00
0.000000000000000000e+00
0.000000000000000000e+00
0.000000000000000000e+00
0.000000000000000000e+00
0.000000000000000000e+00
0.000000000000000000e+00
0.000000000000000000e+00
0.000000000000000000e+00
0.000000000000000000e+00
0.000000000000000000e+00
0.000000000000000000e+00
0.000000000000000000e+00
0.000000000000000000e+00
0.000000000000000000e+00
0.000000000000000000e+00
0.000000000000000000e+00
0.000000000000000000e+00
0.000000000000000000e+00
2.310000000000000000e+02
4.780000000000000000e+02
5.750000000000000000e+02
6.480000000000000000e+02
7.300000000000000000e+02
7.640000000000000000e+02
7.750000000000000000e+02
8.220000000000000000e+02
8.480000000000000000e+02
8.380000000000000000e+02
8.410000000000000000e+02
8.390000000000000000e+02
8.280000000000000000e+02
8.300000000000000000e+02
8.340000000000000000e+02
8.270000000000000000e+02
8.260000000000000000e+02
8.150000000000000000e+02
8.230000000000000000e+02
8.380000000000000000e+02
8.230000000000000000e+02
8.050000000000000000e+02
8.370000000000000000e+02
8.300000000000000000e+02
8.310000000000000000e+02
8.240000000000000000e+02
8.370000000000000000e+02
8.230000000000000000e+02
8.330000000000000000e+02
8.310000000000000000e+02
8.340000000000000000e+02
8.370000000000000000e+02
8.340000000000000000e+02
8.260000000000000000e+02
8.380000000000000000e+02
8.360000000000000000e+02
8.340000000000000000e+02
8.290000000000000000e+02
8.350000000000000000e+02
8.240000000000000000e+02
8.340000000000000000e+02
8.200000000000000000e+02
8.310000000000000000e+02
8.320000000000000000e+02
8.350000000000000000e+02
8.260000000000000000e+02
8.420000000000000000e+02
8.290000000000000000e+02
8.400000000000000000e+02
8.360000000000000000e+02
8.380000000000000000e+02
8.450000000000000000e+02
8.270000000000000000e+02
8.360000000000000000e+02
8.220000000000000000e+02
8.440000000000000000e+02
8.240000000000000000e+02
7.010000000000000000e+02
6.640000000000000000e+02
7.580000000000000000e+02
3.680000000000000000e+02
0.000000000000000000e+00
0.000000000000000000e+00
0.000000000000000000e+00
0.000000000000000000e+00
0.000000000000000000e+00
0.000000000000000000e+00
0.000000000000000000e+00
0.000000000000000000e+00
0.000000000000000000e+00
0.000000000000000000e+00
0.000000000000000000e+00
0.000000000000000000e+00
0.000000000000000000e+00
0.000000000000000000e+00
0.000000000000000000e+00
0.000000000000000000e+00
0.000000000000000000e+00
0.000000000000000000e+00
0.000000000000000000e+00
0.000000000000000000e+00
0.000000000000000000e+00
0.000000000000000000e+00
0.000000000000000000e+00
0.000000000000000000e+00
0.000000000000000000e+00
0.000000000000000000e+00
0.000000000000000000e+00
0.000000000000000000e+00
0.000000000000000000e+00
0.000000000000000000e+00
0.000000000000000000e+00
0.000000000000000000e+00
0.000000000000000000e+00
0.000000000000000000e+00
0.000000000000000000e+00
0.000000000000000000e+00
0.000000000000000000e+00
0.000000000000000000e+00
0.000000000000000000e+00
0.000000000000000000e+00
0.000000000000000000e+00
0.000000000000000000e+00
0.000000000000000000e+00
0.000000000000000000e+00
5.600000000000000000e+01
3.720000000000000000e+02
5.970000000000000000e+02
6.860000000000000000e+02
6.510000000000000000e+02
6.680000000000000000e+02
6.670000000000000000e+02
4.110000000000000000e+02
3.690000000000000000e+02
6.710000000000000000e+02
6.090000000000000000e+02
6.230000000000000000e+02
5.240000000000000000e+02
5.980000000000000000e+02
6.280000000000000000e+02
5.920000000000000000e+02
6.210000000000000000e+02
6.130000000000000000e+02
6.140000000000000000e+02
6.040000000000000000e+02
6.220000000000000000e+02
6.260000000000000000e+02
5.950000000000000000e+02
5.990000000000000000e+02
6.260000000000000000e+02
6.260000000000000000e+02
6.030000000000000000e+02
6.110000000000000000e+02
6.260000000000000000e+02
6.240000000000000000e+02
6.040000000000000000e+02
6.190000000000000000e+02
6.210000000000000000e+02
6.260000000000000000e+02
6.140000000000000000e+02
6.190000000000000000e+02
6.190000000000000000e+02
6.250000000000000000e+02
6.160000000000000000e+02
6.280000000000000000e+02
6.150000000000000000e+02
6.300000000000000000e+02
6.200000000000000000e+02
6.180000000000000000e+02
6.230000000000000000e+02
6.220000000000000000e+02
6.210000000000000000e+02
6.200000000000000000e+02
6.280000000000000000e+02
6.290000000000000000e+02
6.180000000000000000e+02
6.290000000000000000e+02
6.290000000000000000e+02
6.250000000000000000e+02
6.290000000000000000e+02
6.200000000000000000e+02
6.280000000000000000e+02
6.300000000000000000e+02
6.190000000000000000e+02
6.250000000000000000e+02
6.360000000000000000e+02
6.330000000000000000e+02
6.210000000000000000e+02
6.150000000000000000e+02
6.370000000000000000e+02
6.180000000000000000e+02
6.250000000000000000e+02
6.230000000000000000e+02
6.250000000000000000e+02
6.310000000000000000e+02
6.340000000000000000e+02
6.220000000000000000e+02
6.230000000000000000e+02
6.350000000000000000e+02
6.310000000000000000e+02
6.310000000000000000e+02
6.170000000000000000e+02
6.420000000000000000e+02
6.370000000000000000e+02
6.130000000000000000e+02
6.250000000000000000e+02
3.870000000000000000e+02
0.000000000000000000e+00
0.000000000000000000e+00
0.000000000000000000e+00
0.000000000000000000e+00
0.000000000000000000e+00
0.000000000000000000e+00
0.000000000000000000e+00
0.000000000000000000e+00
0.000000000000000000e+00
0.000000000000000000e+00
0.000000000000000000e+00
0.000000000000000000e+00
0.000000000000000000e+00
0.000000000000000000e+00
0.000000000000000000e+00
0.000000000000000000e+00
0.000000000000000000e+00
0.000000000000000000e+00
0.000000000000000000e+00
0.000000000000000000e+00
0.000000000000000000e+00
0.000000000000000000e+00
0.000000000000000000e+00
0.000000000000000000e+00
0.000000000000000000e+00
0.000000000000000000e+00
0.000000000000000000e+00
0.000000000000000000e+00
0.000000000000000000e+00
0.000000000000000000e+00
0.000000000000000000e+00
0.000000000000000000e+00
0.000000000000000000e+00
0.000000000000000000e+00
0.000000000000000000e+00
0.000000000000000000e+00
0.000000000000000000e+00
0.000000000000000000e+00
0.000000000000000000e+00
0.000000000000000000e+00
0.000000000000000000e+00
0.000000000000000000e+00
0.000000000000000000e+00
0.000000000000000000e+00
0.000000000000000000e+00
0.000000000000000000e+00
0.000000000000000000e+00
0.000000000000000000e+00
0.000000000000000000e+00
0.000000000000000000e+00
0.000000000000000000e+00
0.000000000000000000e+00
0.000000000000000000e+00
0.000000000000000000e+00
0.000000000000000000e+00
0.000000000000000000e+00
0.000000000000000000e+00
0.000000000000000000e+00
0.000000000000000000e+00
0.000000000000000000e+00
0.000000000000000000e+00
0.000000000000000000e+00
0.000000000000000000e+00
0.000000000000000000e+00
0.000000000000000000e+00
0.000000000000000000e+00
0.000000000000000000e+00
0.000000000000000000e+00
0.000000000000000000e+00
0.000000000000000000e+00
0.000000000000000000e+00
0.000000000000000000e+00
0.000000000000000000e+00
0.000000000000000000e+00
0.000000000000000000e+00
0.000000000000000000e+00
0.000000000000000000e+00
0.000000000000000000e+00
0.000000000000000000e+00
0.000000000000000000e+00
0.000000000000000000e+00
0.000000000000000000e+00
0.000000000000000000e+00
0.000000000000000000e+00
0.000000000000000000e+00
0.000000000000000000e+00
0.000000000000000000e+00
