0.000000000000000000e+00
0.000000000000000000e+00
0.000000000000000000e+00
0.000000000000000000e+00
0.000000000000000000e+00
0.000000000000000000e+00
0.000000000000000000e+00
0.000000000000000000e+00
0.000000000000000000e+00
0.000000000000000000e+00
0.000000000000000000e+00
0.000000000000000000e+00
0.000000000000000000e+00
0.000000000000000000e+00
0.000000000000000000e+00
0.000000000000000000e+00
0.000000000000000000e+00
0.000000000000000000e+00
0.000000000000000000e+00
0.000000000000000000e+00
0.000000000000000000e+00
0.000000000000000000e+00
0.000000000000000000e+00
0.000000000000000000e+00
0.000000000000000000e+00
0.000000000000000000e+00
0.000000000000000000e+00
0.000000000000000000e+00
0.000000000000000000e+00
0.000000000000000000e+00
0.000000000000000000e+00
0.000000000000000000e+00
7.900000000000000000e+01
4.180000000000000000e+02
6.580000000000000000e+02
7.780000000000000000e+02
8.390000000000000000e+02
8.340000000000000000e+02
8.420000000000000000e+02
8.380000000000000000e+02
8.480000000000000000e+02
8.660000000000000000e+02
8.650000000000000000e+02
8.670000000000000000e+02
8.690000000000000000e+02
8.450000000000000000e+02
8.650000000000000000e+02
8.690000000000000000e+02
8.710000000000000000e+02
8.630000000000000000e+02
8.680000000000000000e+02
8.730000000000000000e+02
8.640000000000000000e+02
8.630000000000000000e+02
8.750000000000000000e+02
8.710000000000000000e+02
8.650000000000000000e+02
8.680000000000000000e+02
8.740000000000000000e+02
8.740000000000000000e+02
8.630000000000000000e+02
8.670000000000000000e+02
8.750000000000000000e+02
8.780000000000000000e+02
8.690000000000000000e+02
8.700000000000000000e+02
8.750000000000000000e+02
8.730000000000000000e+02
8.730000000000000000e+02
8.740000000000000000e+02
8.800000000000000000e+02
8.760000000000000000e+02
8.690000000000000000e+02
8.730000000000000000e+02
8.800000000000000000e+02
8.780000000000000000e+02
8.730000000000000000e+02
8.790000000000000000e+02
8.780000000000000000e+02
8.750000000000000000e+02
8.810000000000000000e+02
8.810000000000000000e+02
8.800000000000000000e+02
8.690000000000000000e+02
8.710000000000000000e+02
8.810000000000000000e+02
8.790000000000000000e+02
8.760000000000000000e+02
8.710000000000000000e+02
8.810000000000000000e+02
8.800000000000000000e+02
8.770000000000000000e+02
8.770000000000000000e+02
8.800000000000000000e+02
8.790000000000000000e+02
8.780000000000000000e+02
8.810000000000000000e+02
8.810000000000000000e+02
8.760000000000000000e+02
8.790000000000000000e+02
8.820000000000000000e+02
8.810000000000000000e+02
8.790000000000000000e+02
8.750000000000000000e+02
8.770000000000000000e+02
8.750000000000000000e+02
8.740000000000000000e+02
8.530000000000000000e+02
5.310000000000000000e+02
0.000000000000000000e+00
0.000000000000000000e+00
0.000000000000000000e+00
0.000000000000000000e+00
0.000000000000000000e+00
0.000000000000000000e+00
0.000000000000000000e+00
0.000000000000000000e+00
0.000000000000000000e+00
0.000000000000000000e+00
0.000000000000000000e+00
0.000000000000000000e+00
0.000000000000000000e+00
0.000000000000000000e+00
0.000000000000000000e+00
0.000000000000000000e+00
0.000000000000000000e+00
0.000000000000000000e+00
0.000000000000000000e+00
0.000000000000000000e+00
0.000000000000000000e+00
0.000000000000000000e+00
0.000000000000000000e+00
0.000000000000000000e+00
0.000000000000000000e+00
0.000000000000000000e+00
0.000000000000000000e+00
0.000000000000000000e+00
0.000000000000000000e+00
0.000000000000000000e+00
0.000000000000000000e+00
0.000000000000000000e+00
0.000000000000000000e+00
0.000000000000000000e+00
0.000000000000000000e+00
0.000000000000000000e+00
0.000000000000000000e+00
0.000000000000000000e+00
4.100000000000000000e+01
2.500000000000000000e+01
5.450000000000000000e+02
7.410000000000000000e+02
8.330000000000000000e+02
8.440000000000000000e+02
8.490000000000000000e+02
8.600000000000000000e+02
8.670000000000000000e+02
8.700000000000000000e+02
8.660000000000000000e+02
8.680000000000000000e+02
8.690000000000000000e+02
8.710000000000000000e+02
8.710000000000000000e+02
8.700000000000000000e+02
8.740000000000000000e+02
8.730000000000000000e+02
8.750000000000000000e+02
8.740000000000000000e+02
8.730000000000000000e+02
8.750000000000000000e+02
8.740000000000000000e+02
8.740000000000000000e+02
8.750000000000000000e+02
8.760000000000000000e+02
8.760000000000000000e+02
8.760000000000000000e+02
8.760000000000000000e+02
8.760000000000000000e+02
8.770000000000000000e+02
8.760000000000000000e+02
8.760000000000000000e+02
8.760000000000000000e+02
8.770000000000000000e+02
8.780000000000000000e+02
8.770000000000000000e+02
8.780000000000000000e+02
8.760000000000000000e+02
8.780000000000000000e+02
8.780000000000000000e+02
8.770000000000000000e+02
8.780000000000000000e+02
8.780000000000000000e+02
8.780000000000000000e+02
8.780000000000000000e+02
8.770000000000000000e+02
8.790000000000000000e+02
8.790000000000000000e+02
8.780000000000000000e+02
8.790000000000000000e+02
8.780000000000000000e+02
8.790000000000000000e+02
8.790000000000000000e+02
8.800000000000000000e+02
8.790000000000000000e+02
8.800000000000000000e+02
8.800000000000000000e+02
8.800000000000000000e+02
8.790000000000000000e+02
8.800000000000000000e+02
8.800000000000000000e+02
8.800000000000000000e+02
8.800000000000000000e+02
8.810000000000000000e+02
8.810000000000000000e+02
8.810000000000000000e+02
8.820000000000000000e+02
8.800000000000000000e+02
8.650000000000000000e+02
7.400000000000000000e+02
0.000000000000000000e+00
0.000000000000000000e+00
0.000000000000000000e+00
0.000000000000000000e+00
0.000000000000000000e+00
0.000000000000000000e+00
0.000000000000000000e+00
0.000000000000000000e+00
0.000000000000000000e+00
0.000000000000000000e+00
0.000000000000000000e+00
0.000000000000000000e+00
0.000000000000000000e+00
0.000000000000000000e+00
0.000000000000000000e+00
0.000000000000000000e+00
0.000000000000000000e+00
0.000000000000000000e+00
0.000000000000000000e+00
0.000000000000000000e+00
0.000000000000000000e+00
0.000000000000000000e+00
0.000000000000000000e+00
0.000000000000000000e+00
0.000000000000000000e+00
0.000000000000000000e+00
0.000000000000000000e+00
0.000000000000000000e+00
0.000000000000000000e+00
0.000000000000000000e+00
0.000000000000000000e+00
0.000000000000000000e+00
0.000000000000000000e+00
0.000000000000000000e+00
0.000000000000000000e+00
0.000000000000000000e+00
0.000000000000000000e+00
0.000000000000000000e+00
0.000000000000000000e+00
0.000000000000000000e+00
0.000000000000000000e+00
0.000000000000000000e+00
0.000000000000000000e+00
0.000000000000000000e+00
0.000000000000000000e+00
0.000000000000000000e+00
0.000000000000000000e+00
0.000000000000000000e+00
0.000000000000000000e+00
0.000000000000000000e+00
0.000000000000000000e+00
0.000000000000000000e+00
0.000000000000000000e+00
0.000000000000000000e+00
0.000000000000000000e+00
0.000000000000000000e+00
0.000000000000000000e+00
0.000000000000000000e+00
0.000000000000000000e+00
0.000000000000000000e+00
0.000000000000000000e+00
0.000000000000000000e+00
0.000000000000000000e+00
0.000000000000000000e+00
0.000000000000000000e+00
0.000000000000000000e+00
0.000000000000000000e+00
0.000000000000000000e+00
0.000000000000000000e+00
0.000000000000000000e+00
0.000000000000000000e+00
0.000000000000000000e+00
0.000000000000000000e+00
0.000000000000000000e+00
0.000000000000000000e+00
0.000000000000000000e+00
0.000000000000000000e+00
0.000000000000000000e+00
0.000000000000000000e+00
0.000000000000000000e+00
0.000000000000000000e+00
0.000000000000000000e+00
