0.000000000000000000e+00
0.000000000000000000e+00
0.000000000000000000e+00
0.000000000000000000e+00
0.000000000000000000e+00
0.000000000000000000e+00
0.000000000000000000e+00
0.000000000000000000e+00
0.000000000000000000e+00
0.000000000000000000e+00
0.000000000000000000e+00
0.000000000000000000e+00
0.000000000000000000e+00
0.000000000000000000e+00
0.000000000000000000e+00
1.700000000000000000e+01
8.300000000000000000e+01
5.360000000000000000e+02
7.160000000000000000e+02
7.810000000000000000e+02
8.020000000000000000e+02
8.050000000000000000e+02
8.480000000000000000e+02
8.620000000000000000e+02
8.660000000000000000e+02
8.670000000000000000e+02
8.700000000000000000e+02
8.670000000000000000e+02
8.600000000000000000e+02
8.580000000000000000e+02
8.650000000000000000e+02
8.660000000000000000e+02
8.670000000000000000e+02
8.640000000000000000e+02
8.680000000000000000e+02
8.710000000000000000e+02
8.640000000000000000e+02
8.700000000000000000e+02
8.690000000000000000e+02
8.680000000000000000e+02
8.680000000000000000e+02
8.660000000000000000e+02
8.720000000000000000e+02
8.690000000000000000e+02
8.710000000000000000e+02
8.650000000000000000e+02
8.690000000000000000e+02
8.700000000000000000e+02
8.710000000000000000e+02
8.700000000000000000e+02
8.690000000000000000e+02
8.660000000000000000e+02
8.700000000000000000e+02
8.680000000000000000e+02
8.720000000000000000e+02
8.720000000000000000e+02
8.720000000000000000e+02
8.700000000000000000e+02
8.730000000000000000e+02
8.730000000000000000e+02
8.730000000000000000e+02
8.750000000000000000e+02
8.720000000000000000e+02
8.750000000000000000e+02
8.750000000000000000e+02
8.750000000000000000e+02
8.750000000000000000e+02
8.720000000000000000e+02
8.760000000000000000e+02
8.770000000000000000e+02
8.770000000000000000e+02
8.750000000000000000e+02
8.770000000000000000e+02
8.770000000000000000e+02
8.770000000000000000e+02
8.770000000000000000e+02
8.770000000000000000e+02
8.770000000000000000e+02
8.770000000000000000e+02
8.690000000000000000e+02
8.760000000000000000e+02
8.780000000000000000e+02
8.640000000000000000e+02
7.410000000000000000e+02
0.000000000000000000e+00
0.000000000000000000e+00
0.000000000000000000e+00
0.000000000000000000e+00
0.000000000000000000e+00
0.000000000000000000e+00
0.000000000000000000e+00
0.000000000000000000e+00
0.000000000000000000e+00
0.000000000000000000e+00
0.000000000000000000e+00
0.000000000000000000e+00
0.000000000000000000e+00
0.000000000000000000e+00
0.000000000000000000e+00
0.000000000000000000e+00
0.000000000000000000e+00
0.000000000000000000e+00
0.000000000000000000e+00
0.000000000000000000e+00
0.000000000000000000e+00
0.000000000000000000e+00
0.000000000000000000e+00
0.000000000000000000e+00
0.000000000000000000e+00
0.000000000000000000e+00
0.000000000000000000e+00
0.000000000000000000e+00
0.000000000000000000e+00
0.000000000000000000e+00
0.000000000000000000e+00
2.380000000000000000e+02
5.370000000000000000e+02
6.420000000000000000e+02
6.580000000000000000e+02
6.720000000000000000e+02
6.430000000000000000e+02
6.360000000000000000e+02
6.740000000000000000e+02
6.480000000000000000e+02
6.340000000000000000e+02
6.710000000000000000e+02
6.540000000000000000e+02
6.440000000000000000e+02
6.640000000000000000e+02
6.600000000000000000e+02
6.570000000000000000e+02
6.540000000000000000e+02
6.670000000000000000e+02
6.610000000000000000e+02
6.580000000000000000e+02
6.560000000000000000e+02
6.740000000000000000e+02
6.570000000000000000e+02
6.610000000000000000e+02
6.640000000000000000e+02
6.750000000000000000e+02
6.530000000000000000e+02
6.720000000000000000e+02
6.580000000000000000e+02
6.750000000000000000e+02
6.600000000000000000e+02
6.710000000000000000e+02
6.590000000000000000e+02
6.770000000000000000e+02
6.630000000000000000e+02
6.780000000000000000e+02
6.690000000000000000e+02
6.720000000000000000e+02
6.740000000000000000e+02
6.750000000000000000e+02
6.730000000000000000e+02
6.760000000000000000e+02
6.740000000000000000e+02
6.720000000000000000e+02
6.770000000000000000e+02
6.680000000000000000e+02
6.740000000000000000e+02
6.720000000000000000e+02
6.730000000000000000e+02
6.780000000000000000e+02
6.720000000000000000e+02
6.830000000000000000e+02
6.660000000000000000e+02
6.810000000000000000e+02
6.690000000000000000e+02
6.820000000000000000e+02
6.600000000000000000e+02
6.820000000000000000e+02
6.730000000000000000e+02
6.750000000000000000e+02
6.690000000000000000e+02
6.820000000000000000e+02
6.670000000000000000e+02
6.760000000000000000e+02
6.780000000000000000e+02
6.780000000000000000e+02
6.780000000000000000e+02
6.780000000000000000e+02
6.830000000000000000e+02
6.730000000000000000e+02
6.720000000000000000e+02
5.470000000000000000e+02
4.280000000000000000e+02
0.000000000000000000e+00
0.000000000000000000e+00
0.000000000000000000e+00
0.000000000000000000e+00
0.000000000000000000e+00
0.000000000000000000e+00
0.000000000000000000e+00
0.000000000000000000e+00
0.000000000000000000e+00
0.000000000000000000e+00
0.000000000000000000e+00
0.000000000000000000e+00
0.000000000000000000e+00
0.000000000000000000e+00
0.000000000000000000e+00
0.000000000000000000e+00
0.000000000000000000e+00
0.000000000000000000e+00
0.000000000000000000e+00
0.000000000000000000e+00
0.000000000000000000e+00
0.000000000000000000e+00
0.000000000000000000e+00
0.000000000000000000e+00
0.000000000000000000e+00
0.000000000000000000e+00
0.000000000000000000e+00
0.000000000000000000e+00
0.000000000000000000e+00
0.000000000000000000e+00
0.000000000000000000e+00
0.000000000000000000e+00
0.000000000000000000e+00
0.000000000000000000e+00
0.000000000000000000e+00
0.000000000000000000e+00
0.000000000000000000e+00
0.000000000000000000e+00
0.000000000000000000e+00
0.000000000000000000e+00
0.000000000000000000e+00
0.000000000000000000e+00
0.000000000000000000e+00
0.000000000000000000e+00
0.000000000000000000e+00
0.000000000000000000e+00
0.000000000000000000e+00
0.000000000000000000e+00
0.000000000000000000e+00
0.000000000000000000e+00
0.000000000000000000e+00
0.000000000000000000e+00
0.000000000000000000e+00
0.000000000000000000e+00
0.000000000000000000e+00
0.000000000000000000e+00
0.000000000000000000e+00
0.000000000000000000e+00
0.000000000000000000e+00
0.000000000000000000e+00
0.000000000000000000e+00
0.000000000000000000e+00
0.000000000000000000e+00
0.000000000000000000e+00
0.000000000000000000e+00
0.000000000000000000e+00
0.000000000000000000e+00
0.000000000000000000e+00
0.000000000000000000e+00
0.000000000000000000e+00
0.000000000000000000e+00
0.000000000000000000e+00
0.000000000000000000e+00
0.000000000000000000e+00
0.000000000000000000e+00
0.000000000000000000e+00
0.000000000000000000e+00
0.000000000000000000e+00
0.000000000000000000e+00
0.000000000000000000e+00
0.000000000000000000e+00
0.000000000000000000e+00
0.000000000000000000e+00
0.000000000000000000e+00
0.000000000000000000e+00
0.000000000000000000e+00
0.000000000000000000e+00
0.000000000000000000e+00
0.000000000000000000e+00
0.000000000000000000e+00
0.000000000000000000e+00
0.000000000000000000e+00
0.000000000000000000e+00
0.000000000000000000e+00
0.000000000000000000e+00
0.000000000000000000e+00
0.000000000000000000e+00
0.000000000000000000e+00
0.000000000000000000e+00
0.000000000000000000e+00
0.000000000000000000e+00
0.000000000000000000e+00
0.000000000000000000e+00
0.000000000000000000e+00
0.000000000000000000e+00
0.000000000000000000e+00
0.000000000000000000e+00
0.000000000000000000e+00
0.000000000000000000e+00
0.000000000000000000e+00
0.000000000000000000e+00
0.000000000000000000e+00
