0.000000000000000000e+00
0.000000000000000000e+00
0.000000000000000000e+00
0.000000000000000000e+00
0.000000000000000000e+00
0.000000000000000000e+00
0.000000000000000000e+00
0.000000000000000000e+00
0.000000000000000000e+00
0.000000000000000000e+00
0.000000000000000000e+00
0.000000000000000000e+00
0.000000000000000000e+00
0.000000000000000000e+00
0.000000000000000000e+00
0.000000000000000000e+00
0.000000000000000000e+00
0.000000000000000000e+00
0.000000000000000000e+00
0.000000000000000000e+00
0.000000000000000000e+00
0.000000000000000000e+00
0.000000000000000000e+00
0.000000000000000000e+00
0.000000000000000000e+00
0.000000000000000000e+00
0.000000000000000000e+00
0.000000000000000000e+00
0.000000000000000000e+00
0.000000000000000000e+00
0.000000000000000000e+00
0.000000000000000000e+00
0.000000000000000000e+00
0.000000000000000000e+00
0.000000000000000000e+00
0.000000000000000000e+00
0.000000000000000000e+00
0.000000000000000000e+00
0.000000000000000000e+00
0.000000000000000000e+00
0.000000000000000000e+00
0.000000000000000000e+00
0.000000000000000000e+00
0.000000000000000000e+00
0.000000000000000000e+00
0.000000000000000000e+00
0.000000000000000000e+00
0.000000000000000000e+00
0.000000000000000000e+00
0.000000000000000000e+00
0.000000000000000000e+00
0.000000000000000000e+00
0.000000000000000000e+00
1.510000000000000000e+02
3.260000000000000000e+02
5.190000000000000000e+02
6.530000000000000000e+02
7.820000000000000000e+02
8.080000000000000000e+02
8.110000000000000000e+02
8.420000000000000000e+02
7.960000000000000000e+02
8.290000000000000000e+02
8.290000000000000000e+02
8.340000000000000000e+02
8.390000000000000000e+02
8.590000000000000000e+02
8.720000000000000000e+02
8.720000000000000000e+02
8.660000000000000000e+02
8.630000000000000000e+02
8.750000000000000000e+02
8.710000000000000000e+02
8.710000000000000000e+02
8.770000000000000000e+02
8.760000000000000000e+02
8.780000000000000000e+02
8.720000000000000000e+02
8.790000000000000000e+02
8.790000000000000000e+02
8.780000000000000000e+02
8.780000000000000000e+02
8.800000000000000000e+02
8.800000000000000000e+02
8.770000000000000000e+02
8.820000000000000000e+02
8.810000000000000000e+02
8.810000000000000000e+02
8.820000000000000000e+02
8.810000000000000000e+02
8.810000000000000000e+02
8.810000000000000000e+02
8.810000000000000000e+02
8.830000000000000000e+02
8.830000000000000000e+02
8.830000000000000000e+02
8.820000000000000000e+02
8.830000000000000000e+02
8.830000000000000000e+02
8.830000000000000000e+02
8.830000000000000000e+02
8.830000000000000000e+02
8.840000000000000000e+02
8.840000000000000000e+02
8.840000000000000000e+02
8.830000000000000000e+02
8.850000000000000000e+02
8.840000000000000000e+02
8.840000000000000000e+02
8.840000000000000000e+02
8.850000000000000000e+02
8.850000000000000000e+02
8.850000000000000000e+02
8.850000000000000000e+02
8.850000000000000000e+02
8.850000000000000000e+02
8.850000000000000000e+02
8.850000000000000000e+02
8.850000000000000000e+02
8.860000000000000000e+02
8.860000000000000000e+02
8.860000000000000000e+02
8.850000000000000000e+02
8.850000000000000000e+02
8.870000000000000000e+02
8.850000000000000000e+02
1.000000000000000000e+00
0.000000000000000000e+00
0.000000000000000000e+00
0.000000000000000000e+00
0.000000000000000000e+00
0.000000000000000000e+00
0.000000000000000000e+00
0.000000000000000000e+00
0.000000000000000000e+00
0.000000000000000000e+00
0.000000000000000000e+00
0.000000000000000000e+00
0.000000000000000000e+00
0.000000000000000000e+00
0.000000000000000000e+00
0.000000000000000000e+00
0.000000000000000000e+00
0.000000000000000000e+00
0.000000000000000000e+00
0.000000000000000000e+00
0.000000000000000000e+00
0.000000000000000000e+00
0.000000000000000000e+00
0.000000000000000000e+00
0.000000000000000000e+00
0.000000000000000000e+00
0.000000000000000000e+00
0.000000000000000000e+00
0.000000000000000000e+00
0.000000000000000000e+00
0.000000000000000000e+00
0.000000000000000000e+00
0.000000000000000000e+00
1.950000000000000000e+02
4.000000000000000000e+01
1.520000000000000000e+02
5.160000000000000000e+02
7.020000000000000000e+02
7.520000000000000000e+02
7.710000000000000000e+02
8.180000000000000000e+02
8.720000000000000000e+02
8.890000000000000000e+02
8.910000000000000000e+02
8.930000000000000000e+02
8.980000000000000000e+02
9.010000000000000000e+02
9.020000000000000000e+02
9.040000000000000000e+02
9.060000000000000000e+02
9.040000000000000000e+02
9.020000000000000000e+02
9.050000000000000000e+02
9.070000000000000000e+02
9.070000000000000000e+02
9.080000000000000000e+02
9.070000000000000000e+02
9.080000000000000000e+02
9.060000000000000000e+02
9.080000000000000000e+02
9.090000000000000000e+02
9.080000000000000000e+02
9.080000000000000000e+02
9.090000000000000000e+02
9.080000000000000000e+02
9.090000000000000000e+02
9.110000000000000000e+02
9.100000000000000000e+02
9.100000000000000000e+02
9.100000000000000000e+02
9.100000000000000000e+02
9.090000000000000000e+02
9.100000000000000000e+02
9.100000000000000000e+02
9.110000000000000000e+02
9.100000000000000000e+02
9.110000000000000000e+02
9.110000000000000000e+02
9.110000000000000000e+02
9.110000000000000000e+02
9.110000000000000000e+02
9.110000000000000000e+02
9.120000000000000000e+02
9.110000000000000000e+02
9.110000000000000000e+02
9.110000000000000000e+02
9.110000000000000000e+02
9.120000000000000000e+02
9.120000000000000000e+02
9.110000000000000000e+02
9.110000000000000000e+02
9.110000000000000000e+02
9.120000000000000000e+02
9.120000000000000000e+02
9.120000000000000000e+02
9.050000000000000000e+02
0.000000000000000000e+00
0.000000000000000000e+00
0.000000000000000000e+00
0.000000000000000000e+00
0.000000000000000000e+00
0.000000000000000000e+00
0.000000000000000000e+00
0.000000000000000000e+00
0.000000000000000000e+00
0.000000000000000000e+00
0.000000000000000000e+00
0.000000000000000000e+00
0.000000000000000000e+00
0.000000000000000000e+00
0.000000000000000000e+00
0.000000000000000000e+00
0.000000000000000000e+00
0.000000000000000000e+00
0.000000000000000000e+00
0.000000000000000000e+00
0.000000000000000000e+00
0.000000000000000000e+00
0.000000000000000000e+00
0.000000000000000000e+00
0.000000000000000000e+00
0.000000000000000000e+00
0.000000000000000000e+00
0.000000000000000000e+00
0.000000000000000000e+00
0.000000000000000000e+00
0.000000000000000000e+00
0.000000000000000000e+00
0.000000000000000000e+00
0.000000000000000000e+00
0.000000000000000000e+00
0.000000000000000000e+00
0.000000000000000000e+00
0.000000000000000000e+00
0.000000000000000000e+00
0.000000000000000000e+00
0.000000000000000000e+00
0.000000000000000000e+00
0.000000000000000000e+00
0.000000000000000000e+00
0.000000000000000000e+00
0.000000000000000000e+00
0.000000000000000000e+00
0.000000000000000000e+00
0.000000000000000000e+00
0.000000000000000000e+00
0.000000000000000000e+00
0.000000000000000000e+00
0.000000000000000000e+00
0.000000000000000000e+00
0.000000000000000000e+00
0.000000000000000000e+00
0.000000000000000000e+00
0.000000000000000000e+00
0.000000000000000000e+00
0.000000000000000000e+00
0.000000000000000000e+00
0.000000000000000000e+00
0.000000000000000000e+00
0.000000000000000000e+00
0.000000000000000000e+00
0.000000000000000000e+00
0.000000000000000000e+00
0.000000000000000000e+00
0.000000000000000000e+00
0.000000000000000000e+00
0.000000000000000000e+00
0.000000000000000000e+00
0.000000000000000000e+00
0.000000000000000000e+00
0.000000000000000000e+00
0.000000000000000000e+00
0.000000000000000000e+00
0.000000000000000000e+00
