0.000000000000000000e+00
0.000000000000000000e+00
0.000000000000000000e+00
0.000000000000000000e+00
0.000000000000000000e+00
0.000000000000000000e+00
0.000000000000000000e+00
0.000000000000000000e+00
0.000000000000000000e+00
0.000000000000000000e+00
0.000000000000000000e+00
0.000000000000000000e+00
0.000000000000000000e+00
0.000000000000000000e+00
0.000000000000000000e+00
0.000000000000000000e+00
0.000000000000000000e+00
0.000000000000000000e+00
0.000000000000000000e+00
0.000000000000000000e+00
0.000000000000000000e+00
0.000000000000000000e+00
0.000000000000000000e+00
0.000000000000000000e+00
0.000000000000000000e+00
0.000000000000000000e+00
0.000000000000000000e+00
0.000000000000000000e+00
0.000000000000000000e+00
0.000000000000000000e+00
0.000000000000000000e+00
0.000000000000000000e+00
0.000000000000000000e+00
0.000000000000000000e+00
0.000000000000000000e+00
0.000000000000000000e+00
0.000000000000000000e+00
0.000000000000000000e+00
0.000000000000000000e+00
0.000000000000000000e+00
0.000000000000000000e+00
0.000000000000000000e+00
3.000000000000000000e+01
2.670000000000000000e+02
5.550000000000000000e+02
6.210000000000000000e+02
6.800000000000000000e+02
7.340000000000000000e+02
7.720000000000000000e+02
7.790000000000000000e+02
7.970000000000000000e+02
7.920000000000000000e+02
7.930000000000000000e+02
8.150000000000000000e+02
8.110000000000000000e+02
7.840000000000000000e+02
7.490000000000000000e+02
7.370000000000000000e+02
7.530000000000000000e+02
7.490000000000000000e+02
7.680000000000000000e+02
7.750000000000000000e+02
7.570000000000000000e+02
7.760000000000000000e+02
7.480000000000000000e+02
7.620000000000000000e+02
7.620000000000000000e+02
7.690000000000000000e+02
7.740000000000000000e+02
7.750000000000000000e+02
7.740000000000000000e+02
7.600000000000000000e+02
7.590000000000000000e+02
7.760000000000000000e+02
7.820000000000000000e+02
7.730000000000000000e+02
7.790000000000000000e+02
7.570000000000000000e+02
7.690000000000000000e+02
7.700000000000000000e+02
7.740000000000000000e+02
7.790000000000000000e+02
7.770000000000000000e+02
7.820000000000000000e+02
7.550000000000000000e+02
7.630000000000000000e+02
7.620000000000000000e+02
7.610000000000000000e+02
7.750000000000000000e+02
7.720000000000000000e+02
7.640000000000000000e+02
7.670000000000000000e+02
7.650000000000000000e+02
7.740000000000000000e+02
7.760000000000000000e+02
7.770000000000000000e+02
7.800000000000000000e+02
7.730000000000000000e+02
7.780000000000000000e+02
7.770000000000000000e+02
7.780000000000000000e+02
7.860000000000000000e+02
7.770000000000000000e+02
7.810000000000000000e+02
7.720000000000000000e+02
7.860000000000000000e+02
7.710000000000000000e+02
7.850000000000000000e+02
7.850000000000000000e+02
7.810000000000000000e+02
7.810000000000000000e+02
7.820000000000000000e+02
7.850000000000000000e+02
7.790000000000000000e+02
7.840000000000000000e+02
7.740000000000000000e+02
7.870000000000000000e+02
7.740000000000000000e+02
7.840000000000000000e+02
7.840000000000000000e+02
7.850000000000000000e+02
7.820000000000000000e+02
7.850000000000000000e+02
7.780000000000000000e+02
7.870000000000000000e+02
7.840000000000000000e+02
7.860000000000000000e+02
7.850000000000000000e+02
7.820000000000000000e+02
7.690000000000000000e+02
0.000000000000000000e+00
0.000000000000000000e+00
0.000000000000000000e+00
0.000000000000000000e+00
0.000000000000000000e+00
0.000000000000000000e+00
0.000000000000000000e+00
0.000000000000000000e+00
0.000000000000000000e+00
0.000000000000000000e+00
0.000000000000000000e+00
0.000000000000000000e+00
0.000000000000000000e+00
0.000000000000000000e+00
0.000000000000000000e+00
0.000000000000000000e+00
0.000000000000000000e+00
0.000000000000000000e+00
0.000000000000000000e+00
0.000000000000000000e+00
0.000000000000000000e+00
0.000000000000000000e+00
0.000000000000000000e+00
0.000000000000000000e+00
0.000000000000000000e+00
0.000000000000000000e+00
0.000000000000000000e+00
0.000000000000000000e+00
1.020000000000000000e+02
1.690000000000000000e+02
4.520000000000000000e+02
6.130000000000000000e+02
6.600000000000000000e+02
6.860000000000000000e+02
7.010000000000000000e+02
7.440000000000000000e+02
7.470000000000000000e+02
7.360000000000000000e+02
7.610000000000000000e+02
7.630000000000000000e+02
7.400000000000000000e+02
7.630000000000000000e+02
7.640000000000000000e+02
7.690000000000000000e+02
7.550000000000000000e+02
7.690000000000000000e+02
7.720000000000000000e+02
7.620000000000000000e+02
7.630000000000000000e+02
7.750000000000000000e+02
7.690000000000000000e+02
7.620000000000000000e+02
7.720000000000000000e+02
7.730000000000000000e+02
7.680000000000000000e+02
7.650000000000000000e+02
7.790000000000000000e+02
7.680000000000000000e+02
7.730000000000000000e+02
7.670000000000000000e+02
7.790000000000000000e+02
7.690000000000000000e+02
7.760000000000000000e+02
7.720000000000000000e+02
7.780000000000000000e+02
7.700000000000000000e+02
7.780000000000000000e+02
7.730000000000000000e+02
7.770000000000000000e+02
7.730000000000000000e+02
7.790000000000000000e+02
7.710000000000000000e+02
7.800000000000000000e+02
7.740000000000000000e+02
7.750000000000000000e+02
7.740000000000000000e+02
7.730000000000000000e+02
7.800000000000000000e+02
7.730000000000000000e+02
7.810000000000000000e+02
7.690000000000000000e+02
7.820000000000000000e+02
7.740000000000000000e+02
7.810000000000000000e+02
7.740000000000000000e+02
7.820000000000000000e+02
7.740000000000000000e+02
7.810000000000000000e+02
7.750000000000000000e+02
7.820000000000000000e+02
7.740000000000000000e+02
7.860000000000000000e+02
7.740000000000000000e+02
7.850000000000000000e+02
7.730000000000000000e+02
7.850000000000000000e+02
7.760000000000000000e+02
7.840000000000000000e+02
7.720000000000000000e+02
7.840000000000000000e+02
7.780000000000000000e+02
7.350000000000000000e+02
6.410000000000000000e+02
4.700000000000000000e+02
0.000000000000000000e+00
0.000000000000000000e+00
0.000000000000000000e+00
0.000000000000000000e+00
0.000000000000000000e+00
0.000000000000000000e+00
0.000000000000000000e+00
0.000000000000000000e+00
0.000000000000000000e+00
0.000000000000000000e+00
0.000000000000000000e+00
0.000000000000000000e+00
0.000000000000000000e+00
0.000000000000000000e+00
0.000000000000000000e+00
0.000000000000000000e+00
0.000000000000000000e+00
0.000000000000000000e+00
0.000000000000000000e+00
0.000000000000000000e+00
0.000000000000000000e+00
0.000000000000000000e+00
0.000000000000000000e+00
0.000000000000000000e+00
0.000000000000000000e+00
0.000000000000000000e+00
0.000000000000000000e+00
0.000000000000000000e+00
0.000000000000000000e+00
0.000000000000000000e+00
0.000000000000000000e+00
0.000000000000000000e+00
0.000000000000000000e+00
0.000000000000000000e+00
0.000000000000000000e+00
0.000000000000000000e+00
0.000000000000000000e+00
0.000000000000000000e+00
0.000000000000000000e+00
0.000000000000000000e+00
0.000000000000000000e+00
0.000000000000000000e+00
0.000000000000000000e+00
0.000000000000000000e+00
0.000000000000000000e+00
0.000000000000000000e+00
0.000000000000000000e+00
0.000000000000000000e+00
0.000000000000000000e+00
0.000000000000000000e+00
0.000000000000000000e+00
0.000000000000000000e+00
0.000000000000000000e+00
0.000000000000000000e+00
0.000000000000000000e+00
0.000000000000000000e+00
0.000000000000000000e+00
0.000000000000000000e+00
0.000000000000000000e+00
0.000000000000000000e+00
0.000000000000000000e+00
0.000000000000000000e+00
0.000000000000000000e+00
0.000000000000000000e+00
0.000000000000000000e+00
0.000000000000000000e+00
